0.000000 8.719073
0.003275 8.722814
0.006551 8.734001
0.009826 8.752527
0.013102 8.778218
0.016377 8.810828
0.019652 8.850041
0.022928 8.895477
0.026203 8.946688
0.029478 9.003163
0.032754 9.064330
0.036029 9.129558
0.039305 9.198163
0.042580 9.269416
0.045855 9.342544
0.049131 9.416745
0.052406 9.491197
0.055682 9.565073
0.058957 9.637552
0.062232 9.707832
0.065508 9.775134
0.068783 9.838676
0.072058 9.897610
0.075334 9.950882
0.078609 9.996986
0.081885 10.033606
0.085160 10.057309
0.088435 10.063739
0.091711 10.048876
0.094986 10.010874
0.098262 9.950680
0.101537 9.870846
0.104812 9.774093
0.108088 9.662666
0.111363 9.538290
0.114638 9.402324
0.117914 9.255903
0.121189 9.100032
0.124465 8.935630
0.127740 8.763555
0.131015 8.584612
0.134291 8.399550
0.137566 8.209068
0.140841 8.013805
0.144117 7.814348
0.147392 7.611225
0.150668 7.404913
0.153943 7.195835
0.157218 6.984368
0.160494 6.770840
0.163769 6.555539
0.167045 6.338713
0.170320 6.120574
0.173595 5.901300
0.176871 5.681045
0.180146 5.459930
0.183421 5.238058
0.186697 5.015509
0.189972 4.792347
0.193247 4.568618
0.196523 4.344358
0.199798 4.119591
0.203074 3.894334
0.206349 3.668596
0.209624 3.442383
0.212900 3.215698
0.216175 2.988544
0.219451 2.760924
0.222726 2.532844
0.226001 2.304312
0.229277 2.075342
0.232552 1.845953
0.235827 1.616170
0.239103 1.386024
0.242378 1.155552
0.245654 0.924798
0.248929 0.693811
0.252204 0.462644
0.255480 0.231359
0.258755 0.003816

0.258755 0.003816
0.260968 0.178488
0.263181 0.356871
0.265394 0.535179
0.267607 0.713356
0.269821 0.891357
0.272034 1.069136
0.274247 1.246648
0.276460 1.423846
0.278673 1.600687
0.280886 1.777122
0.283099 1.953108
0.285312 2.128596
0.287525 2.303539
0.289738 2.477891
0.291951 2.651602
0.294165 2.824625
0.296378 2.996909
0.298591 3.168406
0.300804 3.339064
0.303017 3.508831
0.305230 3.677657
0.307443 3.845488
0.309656 4.012271
0.311869 4.177951
0.314082 4.342472
0.316296 4.505779
0.318509 4.667814
0.320722 4.828519
0.322935 4.987834
0.325148 5.145701
0.327361 5.302057
0.329574 5.456841
0.331787 5.609989
0.334000 5.761437
0.336213 5.911119
0.338426 6.058970
0.340639 6.204922
0.342853 6.348905
0.345066 6.490852
0.347279 6.630690
0.349492 6.768349
0.351705 6.903757
0.353918 7.036839
0.356131 7.167521
0.358344 7.295729
0.360557 7.421386
0.362770 7.544416
0.364983 7.664742
0.367196 7.782286
0.369410 7.896970
0.371623 8.008716
0.373836 8.117446
0.376049 8.223080
0.378262 8.325542
0.380475 8.424752
0.382688 8.520634
0.384901 8.613109
0.387114 8.702104
0.389327 8.787542
0.391540 8.869350
0.393753 8.947456
0.395967 9.021789
0.398180 9.092281
0.400393 9.158867
0.402606 9.221481
0.404819 9.280063
0.407032 9.334555
0.409245 9.384902
0.411458 9.431053
0.413671 9.472958
0.415884 9.510576
0.418098 9.543864
0.420311 9.572788
0.422524 9.597317
0.424737 9.617423
0.426950 9.633084
0.429163 9.644282
0.431376 9.651007
0.433589 9.653249

0.433589 9.653249
0.435154 9.652906
0.436719 9.651878
0.438284 9.650166
0.439849 9.647773
0.441414 9.644701
0.442978 9.640955
0.444543 9.636540
0.446108 9.631463
0.447673 9.625729
0.449238 9.619347
0.450803 9.612325
0.452368 9.604674
0.453933 9.596403
0.455498 9.587524
0.457062 9.578050
0.458627 9.567993
0.460192 9.557368
0.461757 9.546189
0.463322 9.534471
0.464887 9.522233
0.466452 9.509490
0.468017 9.496261
0.469582 9.482564
0.471147 9.468420
0.472711 9.453849
0.474276 9.438871
0.475841 9.423508
0.477406 9.407784
0.478971 9.391720
0.480536 9.375341
0.482101 9.358670
0.483666 9.341734
0.485231 9.324556
0.486795 9.307164
0.488360 9.289582
0.489925 9.271839
0.491490 9.253961
0.493055 9.235976
0.494620 9.217912
0.496185 9.199797
0.497750 9.181660
0.499314 9.163529
0.500879 9.145432
0.502444 9.127400
0.504009 9.109461
0.505574 9.091644
0.507139 9.073978
0.508704 9.056492
0.510269 9.039215
0.511834 9.022175
0.513398 9.005402
0.514963 8.988922
0.516528 8.972765
0.518093 8.956957
0.519658 8.941525
0.521223 8.926496
0.522788 8.911895
0.524353 8.897749
0.525918 8.884081
0.527482 8.870916
0.529047 8.858277
0.530612 8.846185
0.532177 8.834663
0.533742 8.823731
0.535307 8.813409
0.536872 8.803714
0.538437 8.794666
0.540002 8.786278
0.541566 8.778569
0.543131 8.771550
0.544696 8.765235
0.546261 8.759635
0.547826 8.754761
0.549391 8.750622
0.550956 8.747224
0.552521 8.744576
0.554086 8.742680
0.555651 8.741542
0.557215 8.741162


0.000000 8.719073
0.003275 8.722039
0.006551 8.730915
0.009826 8.745641
0.013102 8.766116
0.016377 8.792201
0.019652 8.823716
0.022928 8.860446
0.026203 8.902134
0.029478 8.948492
0.032754 8.999191
0.036029 9.053869
0.039305 9.112124
0.042580 9.173517
0.045855 9.237566
0.049131 9.303744
0.052406 9.371466
0.055682 9.440080
0.058957 9.508844
0.062232 9.576888
0.065508 9.643149
0.068783 9.706252
0.072058 9.764276
0.075334 9.814281
0.078609 9.851387
0.081885 9.867255
0.085160 9.849534
0.088435 9.788087
0.091711 9.686107
0.094986 9.556708
0.098262 9.411344
0.101537 9.256720
0.104812 9.096364
0.108088 8.932133
0.111363 8.765025
0.114638 8.595581
0.117914 8.424093
0.121189 8.250704
0.124465 8.075467
0.127740 7.898381
0.131015 7.719411
0.134291 7.538500
0.137566 7.355582
0.140841 7.170583
0.144117 6.983432
0.147392 6.794059
0.150668 6.602405
0.153943 6.408417
0.157218 6.212058
0.160494 6.013305
0.163769 5.812153
0.167045 5.608616
0.170320 5.402729
0.173595 5.194552
0.176871 4.984171
0.180146 4.771701
0.183421 4.557287
0.186697 4.341107
0.189972 4.123377
0.193247 3.904350
0.196523 3.684324
0.199798 3.463641
0.203074 3.242694
0.206349 3.021929
0.209624 2.801849
0.212900 2.583016
0.216175 2.366055
0.219451 2.151650
0.222726 1.940542
0.226001 1.733514
0.229277 1.531373
0.232552 1.334914
0.235827 1.144864
0.239103 0.961807
0.242378 0.786090
0.245654 0.617704
0.248929 0.456177
0.252204 0.300497
0.255480 0.149099
0.258755 -0.002235

0.258755 -0.002235
0.260968 -0.096217
0.263181 -0.189319
0.265394 -0.276344
0.267607 -0.354374
0.269821 -0.420581
0.272034 -0.472123
0.274247 -0.505921
0.276460 -0.518223
0.278673 -0.503651
0.280886 -0.452681
0.283099 -0.341667
0.285312 0.125133
0.287525 0.442976
0.289738 0.654346
0.291951 0.844961
0.294165 1.027340
0.296378 1.205736
0.298591 1.381946
0.300804 1.556781
0.303017 1.730594
0.305230 1.903507
0.307443 2.075515
0.309656 2.246547
0.311869 2.416492
0.314082 2.585218
0.316296 2.752586
0.318509 2.918453
0.320722 3.082677
0.322935 3.245118
0.325148 3.405642
0.327361 3.564122
0.329574 3.720436
0.331787 3.874469
0.334000 4.026112
0.336213 4.175266
0.338426 4.321836
0.340639 4.465738
0.342853 4.606892
0.345066 4.745228
0.347279 4.880681
0.349492 5.013195
0.351705 5.142722
0.353918 5.269218
0.356131 5.392649
0.358344 5.512986
0.360557 5.630207
0.362770 5.744294
0.364983 5.855236
0.367196 5.963028
0.369410 6.067665
0.371623 6.169149
0.373836 6.267482
0.376049 6.362669
0.378262 6.454715
0.380475 6.543624
0.382688 6.629398
0.384901 6.712037
0.387114 6.791536
0.389327 6.867887
0.391540 6.941074
0.393753 7.011076
0.395967 7.077864
0.398180 7.141399
0.400393 7.201638
0.402606 7.258527
0.404819 7.312003
0.407032 7.361997
0.409245 7.408435
0.411458 7.451235
0.413671 7.490311
0.415884 7.525578
0.418098 7.556948
0.420311 7.584337
0.422524 7.607665
0.424737 7.626861
0.426950 7.641860
0.429163 7.652613
0.431376 7.659080
0.433589 7.661238

0.433589 7.661238
0.435154 7.662391
0.436719 7.665848
0.438284 7.671593
0.439849 7.679607
0.441414 7.689858
0.442978 7.702307
0.444543 7.716907
0.446108 7.733603
0.447673 7.752332
0.449238 7.773022
0.450803 7.795595
0.452368 7.819965
0.453933 7.846039
0.455498 7.873717
0.457062 7.902895
0.458627 7.933460
0.460192 7.965295
0.461757 7.998277
0.463322 8.032277
0.464887 8.067164
0.466452 8.102801
0.468017 8.139047
0.469582 8.175758
0.471147 8.212787
0.472711 8.249985
0.474276 8.287201
0.475841 8.324283
0.477406 8.361078
0.478971 8.397434
0.480536 8.433199
0.482101 8.468226
0.483666 8.502368
0.485231 8.535484
0.486795 8.567438
0.488360 8.598101
0.489925 8.627352
0.491490 8.655080
0.493055 8.681183
0.494620 8.705571
0.496185 8.728167
0.497750 8.748910
0.499314 8.767750
0.500879 8.784654
0.502444 8.799605
0.504009 8.812602
0.505574 8.823657
0.507139 8.832801
0.508704 8.840077
0.510269 8.845544
0.511834 8.849271
0.513398 8.851341
0.514963 8.851849
0.516528 8.850895
0.518093 8.848590
0.519658 8.845051
0.521223 8.840398
0.522788 8.834758
0.524353 8.828256
0.525918 8.821022
0.527482 8.813184
0.529047 8.804869
0.530612 8.796204
0.532177 8.787310
0.533742 8.778306
0.535307 8.769307
0.536872 8.760422
0.538437 8.751756
0.540002 8.743406
0.541566 8.735465
0.543131 8.728016
0.544696 8.721138
0.546261 8.714901
0.547826 8.709368
0.549391 8.704592
0.550956 8.700620
0.552521 8.697491
0.554086 8.695235
0.555651 8.693873
0.557215 8.693417


0.000000 13.464365
0.003275 13.464837
0.006551 13.466266
0.009826 13.468653
0.013102 13.471918
0.016377 13.475764
0.019652 13.479571
0.022928 13.482975
0.026203 13.486509
0.029478 13.490444
0.032754 13.494730
0.036029 13.499316
0.039305 13.504187
0.042580 13.509363
0.045855 13.514885
0.049131 13.520823
0.052406 13.527265
0.055682 13.534322
0.058957 13.542128
0.062232 13.550833
0.065508 13.560608
0.068783 13.571640
0.072058 13.584130
0.075334 13.598288
0.078609 13.614327
0.081885 13.632458
0.085160 13.652879
0.088435 13.675770
0.091711 13.701277
0.094986 13.729504
0.098262 13.760502
0.101537 13.794263
0.104812 13.830709
0.108088 13.869694
0.111363 13.911005
0.114638 13.954364
0.117914 13.999443
0.121189 14.045871
0.124465 14.093252
0.127740 14.141176
0.131015 14.189236
0.134291 14.237038
0.137566 14.284211
0.140841 14.330415
0.144117 14.375346
0.147392 14.418739
0.150668 14.460368
0.153943 14.500046
0.157218 14.537623
0.160494 14.572985
0.163769 14.606050
0.167045 14.636768
0.170320 14.665114
0.173595 14.691091
0.176871 14.714721
0.180146 14.736050
0.183421 14.755139
0.186697 14.772067
0.189972 14.786927
0.193247 14.799822
0.196523 14.810869
0.199798 14.820191
0.203074 14.827920
0.206349 14.834192
0.209624 14.839146
0.212900 14.842927
0.216175 14.845676
0.219451 14.847535
0.222726 14.848645
0.226001 14.849141
0.229277 14.849151
0.232552 14.848799
0.235827 14.848199
0.239103 14.847456
0.242378 14.846661
0.245654 14.845897
0.248929 14.845231
0.252204 14.844716
0.255480 14.844391
0.258755 14.844281

0.258755 14.844281
0.260968 14.845392
0.263181 14.848716
0.265394 14.854226
0.267607 14.861877
0.269821 14.871606
0.272034 14.883333
0.274247 14.896962
0.276460 14.912380
0.278673 14.929463
0.280886 14.948070
0.283099 14.968048
0.285312 14.989234
0.287525 15.011455
0.289738 15.034527
0.291951 15.058263
0.294165 15.082465
0.296378 15.106935
0.298591 15.131468
0.300804 15.155860
0.303017 15.179905
0.305230 15.203397
0.307443 15.226134
0.309656 15.247917
0.311869 15.268550
0.314082 15.287843
0.316296 15.305613
0.318509 15.321684
0.320722 15.335890
0.322935 15.348071
0.325148 15.358081
0.327361 15.365783
0.329574 15.371051
0.331787 15.373774
0.334000 15.373852
0.336213 15.371200
0.338426 15.365746
0.340639 15.357434
0.342853 15.346223
0.345066 15.332088
0.347279 15.315020
0.349492 15.295026
0.351705 15.272130
0.353918 15.246372
0.356131 15.217810
0.358344 15.186517
0.360557 15.152582
0.362770 15.116112
0.364983 15.077226
0.367196 15.036062
0.369410 14.992769
0.371623 14.947513
0.373836 14.900470
0.376049 14.851832
0.378262 14.801801
0.380475 14.750591
0.382688 14.698428
0.384901 14.645548
0.387114 14.592197
0.389327 14.538629
0.391540 14.485109
0.393753 14.431909
0.395967 14.379305
0.398180 14.327583
0.400393 14.277031
0.402606 14.227939
0.404819 14.180600
0.407032 14.135306
0.409245 14.092344
0.411458 14.051996
0.413671 14.014536
0.415884 13.980224
0.418098 13.949306
0.420311 13.922010
0.422524 13.898542
0.424737 13.879083
0.426950 13.863784
0.429163 13.852767
0.431376 13.846121
0.433589 13.843900

0.433589 13.843900
0.435154 13.840816
0.436719 13.831780
0.438284 13.817374
0.439849 13.798394
0.441414 13.775691
0.442978 13.750059
0.444543 13.722185
0.446108 13.692635
0.447673 13.661866
0.449238 13.630246
0.450803 13.598072
0.452368 13.565584
0.453933 13.532984
0.455498 13.500439
0.457062 13.468096
0.458627 13.436082
0.460192 13.404514
0.461757 13.373496
0.463322 13.343129
0.464887 13.313507
0.466452 13.284722
0.468017 13.256863
0.469582 13.230018
0.471147 13.204275
0.472711 13.179721
0.474276 13.156444
0.475841 13.134531
0.477406 13.114069
0.478971 13.095145
0.480536 13.077846
0.482101 13.062255
0.483666 13.048454
0.485231 13.036522
0.486795 13.026535
0.488360 13.018561
0.489925 13.012664
0.491490 13.008899
0.493055 13.007314
0.494620 13.007945
0.496185 13.010818
0.497750 13.015947
0.499314 13.023331
0.500879 13.032957
0.502444 13.044798
0.504009 13.058810
0.505574 13.074936
0.507139 13.093104
0.508704 13.113226
0.510269 13.135202
0.511834 13.158918
0.513398 13.184246
0.514963 13.211050
0.516528 13.239179
0.518093 13.268477
0.519658 13.298776
0.521223 13.329902
0.522788 13.361677
0.524353 13.393915
0.525918 13.426427
0.527482 13.459020
0.529047 13.491500
0.530612 13.523672
0.532177 13.555340
0.533742 13.586308
0.535307 13.616385
0.536872 13.645379
0.538437 13.673104
0.540002 13.699381
0.541566 13.724035
0.543131 13.746899
0.544696 13.767818
0.546261 13.786645
0.547826 13.803249
0.549391 13.817510
0.550956 13.829324
0.552521 13.838605
0.554086 13.845285
0.555651 13.849313
0.557215 13.850658


0.000000 13.464365
0.003275 13.464720
0.006551 13.465743
0.009826 13.467308
0.013102 13.469172
0.016377 13.470714
0.019652 13.469283
0.022928 13.448024
0.026203 13.346909
0.029478 13.186218
0.032754 13.013272
0.036029 12.837671
0.039305 12.661619
0.042580 12.485882
0.045855 12.310817
0.049131 12.136640
0.052406 11.963523
0.055682 11.791635
0.058957 11.621188
0.062232 11.452476
0.065508 11.285948
0.068783 11.122329
0.072058 10.962863
0.075334 10.809779
0.078609 10.667229
0.081885 10.542805
0.085160 10.448105
0.088435 10.392511
0.091711 10.372094
0.094986 10.373026
0.098262 10.383177
0.101537 10.395216
0.104812 10.405047
0.108088 10.410316
0.111363 10.409597
0.114638 10.401994
0.117914 10.386933
0.121189 10.364055
0.124465 10.333150
0.127740 10.294116
0.131015 10.246929
0.134291 10.191625
0.137566 10.128281
0.140841 10.057008
0.144117 9.977938
0.147392 9.891224
0.150668 9.797030
0.153943 9.695532
0.157218 9.586918
0.160494 9.471387
0.163769 9.349149
0.167045 9.220427
0.170320 9.085462
0.173595 8.944511
0.176871 8.797853
0.180146 8.645792
0.183421 8.488658
0.186697 8.326816
0.189972 8.160667
0.193247 7.990654
0.196523 7.817270
0.199798 7.641065
0.203074 7.462651
0.206349 7.282716
0.209624 7.102036
0.212900 6.921484
0.216175 6.742048
0.219451 6.564846
0.222726 6.391143
0.226001 6.222372
0.229277 6.060141
0.232552 5.906250
0.235827 5.762681
0.239103 5.631582
0.242378 5.515218
0.245654 5.415891
0.248929 5.335823
0.252204 5.277004
0.255480 5.241022
0.258755 5.228909

0.258755 5.228909
0.260968 5.237279
0.263181 5.262180
0.265394 5.303012
0.267607 5.358837
0.269821 5.428476
0.272034 5.510594
0.274247 5.603791
0.276460 5.706676
0.278673 5.817916
0.280886 5.936270
0.283099 6.060609
0.285312 6.189916
0.287525 6.323291
0.289738 6.459940
0.291951 6.599168
0.294165 6.740367
0.296378 6.883010
0.298591 7.026638
0.300804 7.170851
0.303017 7.315307
0.305230 7.459707
0.307443 7.603796
0.309656 7.747353
0.311869 7.890192
0.314082 8.032153
0.316296 8.173104
0.318509 8.312935
0.320722 8.451555
0.322935 8.588895
0.325148 8.724899
0.327361 8.859529
0.329574 8.992759
0.331787 9.124574
0.334000 9.254973
0.336213 9.383961
0.338426 9.511555
0.340639 9.637776
0.342853 9.762654
0.345066 9.886222
0.347279 10.008519
0.349492 10.129585
0.351705 10.249465
0.353918 10.368203
0.356131 10.485845
0.358344 10.602436
0.360557 10.718019
0.362770 10.832638
0.364983 10.946332
0.367196 11.059137
0.369410 11.171087
0.371623 11.282211
0.373836 11.392534
0.376049 11.502076
0.378262 11.610852
0.380475 11.718873
0.382688 11.826145
0.384901 11.932665
0.387114 12.038430
0.389327 12.143426
0.391540 12.247636
0.393753 12.351037
0.395967 12.453598
0.398180 12.555280
0.400393 12.656037
0.402606 12.755810
0.404819 12.854527
0.407032 12.952100
0.409245 13.048415
0.411458 13.143323
0.413671 13.236627
0.415884 13.328050
0.418098 13.417196
0.420311 13.503474
0.422524 13.585961
0.424737 13.663165
0.426950 13.732599
0.429163 13.790153
0.431376 13.829606
0.433589 13.843900

0.433589 13.843900
0.435154 13.840816
0.436719 13.831780
0.438284 13.817374
0.439849 13.798394
0.441414 13.775691
0.442978 13.750059
0.444543 13.722185
0.446108 13.692635
0.447673 13.661866
0.449238 13.630246
0.450803 13.598072
0.452368 13.565584
0.453933 13.532984
0.455498 13.500439
0.457062 13.468096
0.458627 13.436082
0.460192 13.404514
0.461757 13.373496
0.463322 13.343129
0.464887 13.313507
0.466452 13.284722
0.468017 13.256863
0.469582 13.230018
0.471147 13.204275
0.472711 13.179721
0.474276 13.156444
0.475841 13.134531
0.477406 13.114069
0.478971 13.095145
0.480536 13.077846
0.482101 13.062255
0.483666 13.048454
0.485231 13.036522
0.486795 13.026535
0.488360 13.018561
0.489925 13.012664
0.491490 13.008899
0.493055 13.007314
0.494620 13.007945
0.496185 13.010818
0.497750 13.015947
0.499314 13.023331
0.500879 13.032957
0.502444 13.044798
0.504009 13.058810
0.505574 13.074936
0.507139 13.093104
0.508704 13.113226
0.510269 13.135202
0.511834 13.158918
0.513398 13.184246
0.514963 13.211050
0.516528 13.239179
0.518093 13.268477
0.519658 13.298776
0.521223 13.329902
0.522788 13.361677
0.524353 13.393915
0.525918 13.426427
0.527482 13.459020
0.529047 13.491500
0.530612 13.523672
0.532177 13.555340
0.533742 13.586308
0.535307 13.616385
0.536872 13.645379
0.538437 13.673104
0.540002 13.699381
0.541566 13.724035
0.543131 13.746899
0.544696 13.767818
0.546261 13.786645
0.547826 13.803249
0.549391 13.817510
0.550956 13.829324
0.552521 13.838605
0.554086 13.845285
0.555651 13.849313
0.557215 13.850658


0.000000 14.673812
0.003275 14.604317
0.006551 14.454374
0.009826 14.277047
0.013102 14.088714
0.016377 13.895023
0.019652 13.698652
0.022928 13.501279
0.026203 13.304187
0.029478 13.108485
0.032754 12.915208
0.036029 12.725345
0.039305 12.539864
0.042580 12.359708
0.045855 12.185793
0.049131 12.018994
0.052406 11.860132
0.055682 11.709956
0.058957 11.569118
0.062232 11.438166
0.065508 11.317536
0.068783 11.207577
0.072058 11.108623
0.075334 11.021144
0.078609 10.946014
0.081885 10.884887
0.085160 10.840533
0.088435 10.816674
0.091711 10.816749
0.094986 10.842094
0.098262 10.891339
0.101537 10.961595
0.104812 11.049879
0.108088 11.153742
0.111363 11.271286
0.114638 11.400979
0.117914 11.541482
0.121189 11.691523
0.124465 11.849823
0.127740 12.015034
0.131015 12.185702
0.134291 12.360213
0.137566 12.536723
0.140841 12.713007
0.144117 12.886108
0.147392 13.051247
0.150668 13.197294
0.153943 13.280381
0.157218 13.161358
0.160494 12.871295
0.163769 12.533011
0.167045 12.176306
0.170320 11.808311
0.173595 11.431570
0.176871 11.047298
0.180146 10.656209
0.183421 10.258796
0.186697 9.855436
0.189972 9.446448
0.193247 9.032111
0.196523 8.612685
0.199798 8.188417
0.203074 7.759546
0.206349 7.326309
0.209624 6.888940
0.212900 6.447675
0.216175 6.002753
0.219451 5.554412
0.222726 5.102898
0.226001 4.648457
0.229277 4.191340
0.232552 3.731803
0.235827 3.270102
0.239103 2.806501
0.242378 2.341264
0.245654 1.874660
0.248929 1.406959
0.252204 0.938433
0.255480 0.469359
0.258755 -0.002235

0.258755 -0.002235
0.260968 0.309525
0.263181 0.618981
0.265394 0.928270
0.267607 1.237312
0.269821 1.546025
0.272034 1.854326
0.274247 2.162131
0.276460 2.469352
0.278673 2.775904
0.280886 3.081698
0.283099 3.386643
0.285312 3.690646
0.287525 3.993610
0.289738 4.295437
0.291951 4.596024
0.294165 4.895264
0.296378 5.193045
0.298591 5.489251
0.300804 5.783760
0.303017 6.076440
0.305230 6.367157
0.307443 6.655766
0.309656 6.942111
0.311869 7.226031
0.314082 7.507349
0.316296 7.785879
0.318509 8.061419
0.320722 8.333754
0.322935 8.602650
0.325148 8.867856
0.327361 9.129099
0.329574 9.386081
0.331787 9.638476
0.334000 9.885923
0.336213 10.128021
0.338426 10.364313
0.340639 10.594273
0.342853 10.817273
0.345066 11.032535
0.347279 11.239044
0.349492 11.435391
0.351705 11.619459
0.353918 11.787815
0.356131 11.934454
0.358344 12.048489
0.360557 12.111685
0.362770 12.103390
0.364983 12.020088
0.367196 11.881644
0.369410 11.711132
0.371623 11.523463
0.373836 11.326808
0.376049 11.125671
0.378262 10.922704
0.380475 10.719611
0.382688 10.517585
0.384901 10.317542
0.387114 10.120235
0.389327 9.926330
0.391540 9.736440
0.393753 9.551154
0.395967 9.371053
0.398180 9.196713
0.400393 9.028717
0.402606 8.867655
0.404819 8.714123
0.407032 8.568724
0.409245 8.432064
0.411458 8.304744
0.413671 8.187360
0.415884 8.080491
0.418098 7.984691
0.420311 7.900482
0.422524 7.828342
0.424737 7.768697
0.426950 7.721911
0.429163 7.688277
0.431376 7.668009
0.433589 7.661238

0.433589 7.661238
0.435154 7.662391
0.436719 7.665848
0.438284 7.671593
0.439849 7.679607
0.441414 7.689858
0.442978 7.702307
0.444543 7.716907
0.446108 7.733603
0.447673 7.752332
0.449238 7.773022
0.450803 7.795595
0.452368 7.819965
0.453933 7.846039
0.455498 7.873717
0.457062 7.902895
0.458627 7.933460
0.460192 7.965295
0.461757 7.998277
0.463322 8.032277
0.464887 8.067164
0.466452 8.102801
0.468017 8.139047
0.469582 8.175758
0.471147 8.212787
0.472711 8.249985
0.474276 8.287201
0.475841 8.324283
0.477406 8.361078
0.478971 8.397434
0.480536 8.433199
0.482101 8.468226
0.483666 8.502368
0.485231 8.535484
0.486795 8.567438
0.488360 8.598101
0.489925 8.627352
0.491490 8.655080
0.493055 8.681183
0.494620 8.705571
0.496185 8.728167
0.497750 8.748910
0.499314 8.767750
0.500879 8.784654
0.502444 8.799605
0.504009 8.812602
0.505574 8.823657
0.507139 8.832801
0.508704 8.840077
0.510269 8.845544
0.511834 8.849271
0.513398 8.851341
0.514963 8.851849
0.516528 8.850895
0.518093 8.848590
0.519658 8.845051
0.521223 8.840398
0.522788 8.834758
0.524353 8.828256
0.525918 8.821022
0.527482 8.813184
0.529047 8.804869
0.530612 8.796204
0.532177 8.787310
0.533742 8.778306
0.535307 8.769307
0.536872 8.760422
0.538437 8.751756
0.540002 8.743406
0.541566 8.735465
0.543131 8.728016
0.544696 8.721138
0.546261 8.714901
0.547826 8.709368
0.549391 8.704592
0.550956 8.700620
0.552521 8.697491
0.554086 8.695235
0.555651 8.693873
0.557215 8.693417


0.000000 14.673812
0.003275 14.605767
0.006551 14.461259
0.009826 14.293594
0.013102 14.118871
0.016377 13.942978
0.019652 13.771171
0.022928 13.621639
0.026203 13.554435
0.029478 13.549382
0.032754 13.559488
0.036029 13.575444
0.039305 13.595276
0.042580 13.618415
0.045855 13.644675
0.049131 13.674004
0.052406 13.706401
0.055682 13.741884
0.058957 13.780472
0.062232 13.822183
0.065508 13.867029
0.068783 13.915017
0.072058 13.966145
0.075334 14.020405
0.078609 14.077788
0.081885 14.138277
0.085160 14.201856
0.088435 14.268508
0.091711 14.338217
0.094986 14.410968
0.098262 14.486748
0.101537 14.565546
0.104812 14.647353
0.108088 14.732158
0.111363 14.819946
0.114638 14.910696
0.117914 15.004379
0.121189 15.100951
0.124465 15.200352
0.127740 15.302503
0.131015 15.407307
0.134291 15.514641
0.137566 15.624365
0.140841 15.736318
0.144117 15.850322
0.147392 15.966184
0.150668 16.083702
0.153943 16.202663
0.157218 16.322849
0.160494 16.444043
0.163769 16.566023
0.167045 16.688571
0.170320 16.811470
0.173595 16.934505
0.176871 17.057464
0.180146 17.180137
0.183421 17.302314
0.186697 17.423785
0.189972 17.544337
0.193247 17.663749
0.196523 17.781797
0.199798 17.898241
0.203074 18.012829
0.206349 18.125287
0.209624 18.235316
0.212900 18.342587
0.216175 18.446730
0.219451 18.547331
0.222726 18.643916
0.226001 18.735940
0.229277 18.822774
0.232552 18.903681
0.235827 18.977770
0.239103 19.043906
0.242378 19.100401
0.245654 19.143954
0.248929 19.167724
0.252204 19.171192
0.255480 19.168204
0.258755 19.166660

0.258755 19.166660
0.260968 19.166801
0.263181 19.167221
0.265394 19.167920
0.267607 19.168897
0.269821 19.170152
0.272034 19.171682
0.274247 19.173485
0.276460 19.175558
0.278673 19.177899
0.280886 19.180504
0.283099 19.183370
0.285312 19.186493
0.287525 19.189867
0.289738 19.193489
0.291951 19.197353
0.294165 19.201454
0.296378 19.205785
0.298591 19.210340
0.300804 19.215114
0.303017 19.220098
0.305230 19.225286
0.307443 19.230671
0.309656 19.236243
0.311869 19.241995
0.314082 19.247919
0.316296 19.254006
0.318509 19.260246
0.320722 19.266630
0.322935 19.273149
0.325148 19.279793
0.327361 19.286552
0.329574 19.293415
0.331787 19.300373
0.334000 19.307413
0.336213 19.314526
0.338426 19.321701
0.340639 19.328925
0.342853 19.336189
0.345066 19.343480
0.347279 19.350787
0.349492 19.358099
0.351705 19.365404
0.353918 19.372690
0.356131 19.379946
0.358344 19.387159
0.360557 19.394319
0.362770 19.401413
0.364983 19.408430
0.367196 19.415359
0.369410 19.422188
0.371623 19.428907
0.373836 19.435503
0.376049 19.441966
0.378262 19.448285
0.380475 19.454450
0.382688 19.460450
0.384901 19.466276
0.387114 19.471917
0.389327 19.477364
0.391540 19.482608
0.393753 19.487640
0.395967 19.492451
0.398180 19.497033
0.400393 19.501378
0.402606 19.505479
0.404819 19.509329
0.407032 19.512921
0.409245 19.516249
0.411458 19.519307
0.413671 19.522090
0.415884 19.524593
0.418098 19.526813
0.420311 19.528744
0.422524 19.530383
0.424737 19.531729
0.426950 19.532778
0.429163 19.533528
0.431376 19.533979
0.433589 19.534130

0.433589 19.534130
0.435154 19.534017
0.436719 19.533681
0.438284 19.533122
0.439849 19.532340
0.441414 19.531338
0.442978 19.530118
0.444543 19.528682
0.446108 19.527035
0.447673 19.525178
0.449238 19.523117
0.450803 19.520856
0.452368 19.518400
0.453933 19.515753
0.455498 19.512922
0.457062 19.509913
0.458627 19.506732
0.460192 19.503386
0.461757 19.499880
0.463322 19.496224
0.464887 19.492424
0.466452 19.488487
0.468017 19.484422
0.469582 19.480236
0.471147 19.475938
0.472711 19.471536
0.474276 19.467037
0.475841 19.462452
0.477406 19.457787
0.478971 19.453052
0.480536 19.448256
0.482101 19.443405
0.483666 19.438510
0.485231 19.433579
0.486795 19.428619
0.488360 19.423640
0.489925 19.418649
0.491490 19.413656
0.493055 19.408666
0.494620 19.403690
0.496185 19.398734
0.497750 19.393806
0.499314 19.388914
0.500879 19.384064
0.502444 19.379264
0.504009 19.374522
0.505574 19.369843
0.507139 19.365234
0.508704 19.360702
0.510269 19.356253
0.511834 19.351893
0.513398 19.347628
0.514963 19.343463
0.516528 19.339403
0.518093 19.335455
0.519658 19.331622
0.521223 19.327910
0.522788 19.324323
0.524353 19.320866
0.525918 19.317542
0.527482 19.314356
0.529047 19.311311
0.530612 19.308411
0.532177 19.305659
0.533742 19.303059
0.535307 19.300613
0.536872 19.298323
0.538437 19.296194
0.540002 19.294226
0.541566 19.292422
0.543131 19.290784
0.544696 19.289314
0.546261 19.288013
0.547826 19.286883
0.549391 19.285924
0.550956 19.285139
0.552521 19.284527
0.554086 19.284090
0.555651 19.283827
0.557215 19.283739


0.000000 15.133086
0.003275 15.198363
0.006551 15.335655
0.009826 15.491898
0.013102 15.650709
0.016377 15.806421
0.019652 15.956309
0.022928 16.098608
0.026203 16.231893
0.029478 16.354847
0.032754 16.466164
0.036029 16.564533
0.039305 16.648658
0.042580 16.717335
0.045855 16.769572
0.049131 16.804742
0.052406 16.822739
0.055682 16.824104
0.058957 16.810054
0.062232 16.782426
0.065508 16.743520
0.068783 16.695910
0.072058 16.642246
0.075334 16.585093
0.078609 16.526809
0.081885 16.469464
0.085160 16.414788
0.088435 16.364133
0.091711 16.318450
0.094986 16.278269
0.098262 16.243685
0.101537 16.214328
0.104812 16.189317
0.108088 16.167166
0.111363 16.145570
0.114638 16.121006
0.117914 16.087968
0.121189 16.037801
0.124465 15.957918
0.127740 15.834535
0.131015 15.661040
0.134291 15.442861
0.137566 15.191264
0.140841 14.916314
0.144117 14.625456
0.147392 14.325348
0.150668 14.027316
0.153943 13.774348
0.157218 13.703991
0.160494 13.783085
0.163769 13.886426
0.167045 13.981742
0.170320 14.059573
0.173595 14.115471
0.176871 14.147012
0.180146 14.153187
0.183421 14.134247
0.186697 14.091568
0.189972 14.027432
0.193247 13.944742
0.196523 13.846711
0.199798 13.736602
0.203074 13.617540
0.206349 13.492408
0.209624 13.363808
0.212900 13.234058
0.216175 13.105219
0.219451 12.979122
0.222726 12.857402
0.226001 12.741515
0.229277 12.632770
0.232552 12.532334
0.235827 12.441247
0.239103 12.360427
0.242378 12.290673
0.245654 12.232663
0.248929 12.186958
0.252204 12.153996
0.255480 12.134093
0.258755 12.127437

0.258755 12.127437
0.260968 12.126300
0.263181 12.122889
0.265394 12.117215
0.267607 12.109291
0.269821 12.099139
0.272034 12.086783
0.274247 12.072256
0.276460 12.055594
0.278673 12.036839
0.280886 12.016038
0.283099 11.993240
0.285312 11.968501
0.287525 11.941880
0.289738 11.913440
0.291951 11.883246
0.294165 11.851368
0.296378 11.817877
0.298591 11.782847
0.300804 11.746354
0.303017 11.708475
0.305230 11.669290
0.307443 11.628879
0.309656 11.587323
0.311869 11.544705
0.314082 11.501108
0.316296 11.456613
0.318509 11.411304
0.320722 11.365264
0.322935 11.318576
0.325148 11.271322
0.327361 11.223583
0.329574 11.175440
0.331787 11.126974
0.334000 11.078264
0.336213 11.029389
0.338426 10.980426
0.340639 10.931450
0.342853 10.882538
0.345066 10.833763
0.347279 10.785197
0.349492 10.736912
0.351705 10.688977
0.353918 10.641461
0.356131 10.594430
0.358344 10.547951
0.360557 10.502087
0.362770 10.456900
0.364983 10.412451
0.367196 10.368799
0.369410 10.326003
0.371623 10.284117
0.373836 10.243197
0.376049 10.203295
0.378262 10.164461
0.380475 10.126746
0.382688 10.090196
0.384901 10.054858
0.387114 10.020775
0.389327 9.987989
0.391540 9.956542
0.393753 9.926472
0.395967 9.897815
0.398180 9.870606
0.400393 9.844879
0.402606 9.820664
0.404819 9.797991
0.407032 9.776887
0.409245 9.757377
0.411458 9.739485
0.413671 9.723232
0.415884 9.708637
0.418098 9.695719
0.420311 9.684492
0.422524 9.674969
0.424737 9.667162
0.426950 9.661080
0.429163 9.656731
0.431376 9.654120
0.433589 9.653249

0.433589 9.653249
0.435154 9.652906
0.436719 9.651878
0.438284 9.650166
0.439849 9.647773
0.441414 9.644701
0.442978 9.640955
0.444543 9.636540
0.446108 9.631463
0.447673 9.625729
0.449238 9.619347
0.450803 9.612325
0.452368 9.604674
0.453933 9.596403
0.455498 9.587524
0.457062 9.578050
0.458627 9.567993
0.460192 9.557368
0.461757 9.546189
0.463322 9.534471
0.464887 9.522233
0.466452 9.509490
0.468017 9.496261
0.469582 9.482564
0.471147 9.468420
0.472711 9.453849
0.474276 9.438871
0.475841 9.423508
0.477406 9.407784
0.478971 9.391720
0.480536 9.375341
0.482101 9.358670
0.483666 9.341734
0.485231 9.324556
0.486795 9.307164
0.488360 9.289582
0.489925 9.271839
0.491490 9.253961
0.493055 9.235976
0.494620 9.217912
0.496185 9.199797
0.497750 9.181660
0.499314 9.163529
0.500879 9.145432
0.502444 9.127400
0.504009 9.109461
0.505574 9.091644
0.507139 9.073978
0.508704 9.056492
0.510269 9.039215
0.511834 9.022175
0.513398 9.005402
0.514963 8.988922
0.516528 8.972765
0.518093 8.956957
0.519658 8.941525
0.521223 8.926496
0.522788 8.911895
0.524353 8.897749
0.525918 8.884081
0.527482 8.870916
0.529047 8.858277
0.530612 8.846185
0.532177 8.834663
0.533742 8.823731
0.535307 8.813409
0.536872 8.803714
0.538437 8.794666
0.540002 8.786278
0.541566 8.778569
0.543131 8.771550
0.544696 8.765235
0.546261 8.759635
0.547826 8.754761
0.549391 8.750622
0.550956 8.747224
0.552521 8.744576
0.554086 8.742680
0.555651 8.741542
0.557215 8.741162


0.000000 15.133086
0.003275 15.202193
0.006551 15.349918
0.009826 15.523068
0.013102 15.705855
0.016377 15.893286
0.019652 16.083348
0.022928 16.275038
0.026203 16.467753
0.029478 16.661072
0.032754 16.854652
0.036029 17.048190
0.039305 17.241396
0.042580 17.433980
0.045855 17.625647
0.049131 17.816093
0.052406 18.004999
0.055682 18.192036
0.058957 18.376864
0.062232 18.559130
0.065508 18.738474
0.068783 18.914531
0.072058 19.086935
0.075334 19.255321
0.078609 19.419331
0.081885 19.578621
0.085160 19.732862
0.088435 19.881750
0.091711 20.025005
0.094986 20.162379
0.098262 20.293659
0.101537 20.418666
0.104812 20.537257
0.108088 20.649320
0.111363 20.754773
0.114638 20.853553
0.117914 20.945608
0.121189 21.030875
0.124465 21.109266
0.127740 21.180623
0.131015 21.244673
0.134291 21.300929
0.137566 21.348542
0.140841 21.386041
0.144117 21.410925
0.147392 21.419269
0.150668 21.406133
0.153943 21.368172
0.157218 21.307034
0.160494 21.228603
0.163769 21.139121
0.167045 21.043143
0.170320 20.943575
0.173595 20.842246
0.176871 20.740351
0.180146 20.638724
0.183421 20.537983
0.186697 20.438620
0.189972 20.341044
0.193247 20.245615
0.196523 20.152662
0.199798 20.062487
0.203074 19.975378
0.206349 19.891610
0.209624 19.811448
0.212900 19.735150
0.216175 19.662964
0.219451 19.595133
0.222726 19.531894
0.226001 19.473484
0.229277 19.420139
0.232552 19.372119
0.235827 19.329734
0.239103 19.293453
0.242378 19.264212
0.245654 19.244509
0.248929 19.240372
0.252204 19.251568
0.255480 19.263630
0.258755 19.268246

0.258755 19.268246
0.260968 19.264264
0.263181 19.252429
0.265394 19.233050
0.267607 19.206607
0.269821 19.173699
0.272034 19.134995
0.274247 19.091185
0.276460 19.042944
0.278673 18.990909
0.280886 18.935665
0.283099 18.877735
0.285312 18.817580
0.287525 18.755605
0.289738 18.692160
0.291951 18.627544
0.294165 18.562017
0.296378 18.495797
0.298591 18.429071
0.300804 18.361997
0.303017 18.294707
0.305230 18.227313
0.307443 18.159907
0.309656 18.092564
0.311869 18.025345
0.314082 17.958301
0.316296 17.891468
0.318509 17.824876
0.320722 17.758546
0.322935 17.692490
0.325148 17.626716
0.327361 17.561224
0.329574 17.496011
0.331787 17.431067
0.334000 17.366380
0.336213 17.301934
0.338426 17.237707
0.340639 17.173677
0.342853 17.109816
0.345066 17.046096
0.347279 16.982482
0.349492 16.918939
0.351705 16.855431
0.353918 16.791915
0.356131 16.728351
0.358344 16.664694
0.360557 16.600898
0.362770 16.536919
0.364983 16.472709
0.367196 16.408222
0.369410 16.343412
0.371623 16.278234
0.373836 16.212647
0.376049 16.146609
0.378262 16.080081
0.380475 16.013029
0.382688 15.945420
0.384901 15.877226
0.387114 15.808423
0.389327 15.738991
0.391540 15.668915
0.393753 15.598184
0.395967 15.526795
0.398180 15.454752
0.400393 15.382066
0.402606 15.308759
0.404819 15.234869
0.407032 15.160449
0.409245 15.085580
0.411458 15.010377
0.413671 14.935008
0.415884 14.859717
0.418098 14.784875
0.420311 14.711048
0.422524 14.639136
0.424737 14.570612
0.426950 14.507945
0.429163 14.455235
0.431376 14.418692
0.433589 14.405369

0.433589 14.405369
0.435154 14.408640
0.436719 14.418239
0.438284 14.433586
0.439849 14.453885
0.441414 14.478290
0.442978 14.506012
0.444543 14.536368
0.446108 14.568801
0.447673 14.602861
0.449238 14.638189
0.450803 14.674501
0.452368 14.711569
0.453933 14.749207
0.455498 14.787264
0.457062 14.825613
0.458627 14.864149
0.460192 14.902780
0.461757 14.941427
0.463322 14.980021
0.464887 15.018500
0.466452 15.056809
0.468017 15.094896
0.469582 15.132716
0.471147 15.170226
0.472711 15.207385
0.474276 15.244157
0.475841 15.280507
0.477406 15.316402
0.478971 15.351811
0.480536 15.386705
0.482101 15.421056
0.483666 15.454837
0.485231 15.488024
0.486795 15.520594
0.488360 15.552524
0.489925 15.583792
0.491490 15.614380
0.493055 15.644269
0.494620 15.673441
0.496185 15.701881
0.497750 15.729572
0.499314 15.756501
0.500879 15.782656
0.502444 15.808024
0.504009 15.832595
0.505574 15.856359
0.507139 15.879309
0.508704 15.901437
0.510269 15.922737
0.511834 15.943204
0.513398 15.962835
0.514963 15.981627
0.516528 15.999579
0.518093 16.016692
0.519658 16.032966
0.521223 16.048406
0.522788 16.063014
0.524353 16.076798
0.525918 16.089765
0.527482 16.101925
0.529047 16.113287
0.530612 16.123866
0.532177 16.133675
0.533742 16.142732
0.535307 16.151053
0.536872 16.158658
0.538437 16.165569
0.540002 16.171807
0.541566 16.177396
0.543131 16.182359
0.544696 16.186719
0.546261 16.190500
0.547826 16.193724
0.549391 16.196412
0.550956 16.198584
0.552521 16.200255
0.554086 16.201438
0.555651 16.202145
0.557215 16.202379


0.000000 20.247588
0.003275 20.246686
0.006551 20.243998
0.009826 20.239583
0.013102 20.233524
0.016377 20.225928
0.019652 20.216905
0.022928 20.206556
0.026203 20.194961
0.029478 20.182161
0.032754 20.168149
0.036029 20.152860
0.039305 20.136165
0.042580 20.117862
0.045855 20.097679
0.049131 20.075276
0.052406 20.050260
0.055682 20.022206
0.058957 19.990705
0.062232 19.955432
0.065508 19.916252
0.068783 19.873357
0.072058 19.827415
0.075334 19.779661
0.078609 19.731795
0.081885 19.685575
0.085160 19.642183
0.088435 19.601773
0.091711 19.563517
0.094986 19.526045
0.098262 19.487895
0.101537 19.447780
0.104812 19.404673
0.108088 19.357805
0.111363 19.306622
0.114638 19.250756
0.117914 19.189994
0.121189 19.124264
0.124465 19.053641
0.127740 18.978351
0.131015 18.898797
0.134291 18.815583
0.137566 18.729558
0.140841 18.641850
0.144117 18.553919
0.147392 18.467598
0.150668 18.385125
0.153943 18.309141
0.157218 18.242641
0.160494 18.188828
0.163769 18.150871
0.167045 18.131578
0.170320 18.133038
0.173595 18.156341
0.176871 18.201430
0.180146 18.267127
0.183421 18.351271
0.186697 18.450918
0.189972 18.562513
0.193247 18.681988
0.196523 18.804726
0.199798 18.925409
0.203074 19.037854
0.206349 19.135215
0.209624 19.211236
0.212900 19.262642
0.216175 19.290793
0.219451 19.300543
0.222726 19.297588
0.226001 19.286720
0.229277 19.271434
0.232552 19.254145
0.235827 19.236501
0.239103 19.219643
0.242378 19.204369
0.245654 19.191248
0.248929 19.180681
0.252204 19.172950
0.255480 19.168242
0.258755 19.166660

0.258755 19.166660
0.260968 19.166734
0.263181 19.166954
0.265394 19.167320
0.267607 19.167834
0.269821 19.168495
0.272034 19.169303
0.274247 19.170259
0.276460 19.171363
0.278673 19.172616
0.280886 19.174018
0.283099 19.175571
0.285312 19.177275
0.287525 19.179131
0.289738 19.181139
0.291951 19.183302
0.294165 19.185620
0.296378 19.188095
0.298591 19.190728
0.300804 19.193520
0.303017 19.196474
0.305230 19.199589
0.307443 19.202869
0.309656 19.206315
0.311869 19.209929
0.314082 19.213712
0.316296 19.217665
0.318509 19.221791
0.320722 19.226091
0.322935 19.230567
0.325148 19.235219
0.327361 19.240048
0.329574 19.245057
0.331787 19.250245
0.334000 19.255612
0.336213 19.261159
0.338426 19.266886
0.340639 19.272791
0.342853 19.278874
0.345066 19.285132
0.347279 19.291563
0.349492 19.298165
0.351705 19.304933
0.353918 19.311863
0.356131 19.318950
0.358344 19.326187
0.360557 19.333566
0.362770 19.341080
0.364983 19.348718
0.367196 19.356471
0.369410 19.364325
0.371623 19.372267
0.373836 19.380282
0.376049 19.388354
0.378262 19.396464
0.380475 19.404593
0.382688 19.412720
0.384901 19.420822
0.387114 19.428874
0.389327 19.436851
0.391540 19.444724
0.393753 19.452467
0.395967 19.460048
0.398180 19.467436
0.400393 19.474599
0.402606 19.481505
0.404819 19.488121
0.407032 19.494414
0.409245 19.500350
0.411458 19.505898
0.413671 19.511027
0.415884 19.515706
0.418098 19.519907
0.420311 19.523605
0.422524 19.526776
0.424737 19.529399
0.426950 19.531458
0.429163 19.532939
0.431376 19.533831
0.433589 19.534130

0.433589 19.534130
0.435154 19.534017
0.436719 19.533681
0.438284 19.533122
0.439849 19.532340
0.441414 19.531338
0.442978 19.530118
0.444543 19.528682
0.446108 19.527035
0.447673 19.525178
0.449238 19.523117
0.450803 19.520856
0.452368 19.518400
0.453933 19.515753
0.455498 19.512922
0.457062 19.509913
0.458627 19.506732
0.460192 19.503386
0.461757 19.499880
0.463322 19.496224
0.464887 19.492424
0.466452 19.488487
0.468017 19.484422
0.469582 19.480236
0.471147 19.475938
0.472711 19.471536
0.474276 19.467037
0.475841 19.462452
0.477406 19.457787
0.478971 19.453052
0.480536 19.448256
0.482101 19.443405
0.483666 19.438510
0.485231 19.433579
0.486795 19.428619
0.488360 19.423640
0.489925 19.418649
0.491490 19.413656
0.493055 19.408666
0.494620 19.403690
0.496185 19.398734
0.497750 19.393806
0.499314 19.388914
0.500879 19.384064
0.502444 19.379264
0.504009 19.374522
0.505574 19.369843
0.507139 19.365234
0.508704 19.360702
0.510269 19.356253
0.511834 19.351893
0.513398 19.347628
0.514963 19.343463
0.516528 19.339403
0.518093 19.335455
0.519658 19.331622
0.521223 19.327910
0.522788 19.324323
0.524353 19.320866
0.525918 19.317542
0.527482 19.314356
0.529047 19.311311
0.530612 19.308411
0.532177 19.305659
0.533742 19.303059
0.535307 19.300613
0.536872 19.298323
0.538437 19.296194
0.540002 19.294226
0.541566 19.292422
0.543131 19.290784
0.544696 19.289314
0.546261 19.288013
0.547826 19.286883
0.549391 19.285924
0.550956 19.285139
0.552521 19.284527
0.554086 19.284090
0.555651 19.283827
0.557215 19.283739


0.000000 20.247588
0.003275 20.241152
0.006551 20.222043
0.009826 20.190843
0.013102 20.148482
0.016377 20.096186
0.019652 20.035425
0.022928 19.967860
0.026203 19.895297
0.029478 19.819651
0.032754 19.742914
0.036029 19.667107
0.039305 19.594220
0.042580 19.526114
0.045855 19.464389
0.049131 19.410219
0.052406 19.364178
0.055682 19.326102
0.058957 19.295021
0.062232 19.269168
0.065508 19.246063
0.068783 19.222603
0.072058 19.195163
0.075334 19.159714
0.078609 19.112090
0.081885 19.048506
0.085160 18.966240
0.088435 18.864099
0.091711 18.742342
0.094986 18.602197
0.098262 18.445362
0.101537 18.273720
0.104812 18.089258
0.108088 17.894176
0.111363 17.691131
0.114638 17.483718
0.117914 17.277297
0.121189 17.080223
0.124465 16.904683
0.127740 16.764013
0.131015 16.664371
0.134291 16.599913
0.137566 16.559067
0.140841 16.531690
0.144117 16.510820
0.147392 16.491897
0.150668 16.471808
0.153943 16.448283
0.157218 16.419583
0.160494 16.384400
0.163769 16.341886
0.167045 16.291764
0.170320 16.234415
0.173595 16.170871
0.176871 16.102653
0.180146 16.031490
0.183421 15.959011
0.186697 15.886510
0.189972 15.814834
0.193247 15.744419
0.196523 15.675403
0.199798 15.607770
0.203074 15.541467
0.206349 15.476487
0.209624 15.412901
0.212900 15.350874
0.216175 15.290653
0.219451 15.232558
0.222726 15.176958
0.226001 15.124260
0.229277 15.074891
0.232552 15.029284
0.235827 14.987864
0.239103 14.951036
0.242378 14.919176
0.245654 14.892618
0.248929 14.871650
0.252204 14.856502
0.255480 14.847345
0.258755 14.844281

0.258755 14.844281
0.260968 14.848345
0.263181 14.860506
0.265394 14.880664
0.267607 14.908655
0.269821 14.944251
0.272034 14.987165
0.274247 15.037049
0.276460 15.093503
0.278673 15.156072
0.280886 15.224255
0.283099 15.297502
0.285312 15.375218
0.287525 15.456764
0.289738 15.541452
0.291951 15.628541
0.294165 15.717228
0.296378 15.806627
0.298591 15.895748
0.300804 15.983449
0.303017 16.068376
0.305230 16.148871
0.307443 16.222836
0.309656 16.287562
0.311869 16.339516
0.314082 16.374200
0.316296 16.386263
0.318509 16.370229
0.320722 16.321981
0.322935 16.240392
0.325148 16.127833
0.327361 15.989081
0.329574 15.829602
0.331787 15.654360
0.334000 15.467371
0.336213 15.271729
0.338426 15.069804
0.340639 14.863457
0.342853 14.654233
0.345066 14.443532
0.347279 14.232782
0.349492 14.023661
0.351705 13.818450
0.353918 13.620687
0.356131 13.436440
0.358344 13.276643
0.360557 13.159582
0.362770 13.105978
0.364983 13.119448
0.367196 13.180274
0.369410 13.265579
0.371623 13.360717
0.373836 13.457845
0.376049 13.552861
0.378262 13.643584
0.380475 13.728857
0.382688 13.808099
0.384901 13.881074
0.387114 13.947763
0.389327 14.008293
0.391540 14.062886
0.393753 14.111828
0.395967 14.155449
0.398180 14.194103
0.400393 14.228160
0.402606 14.257990
0.404819 14.283963
0.407032 14.306437
0.409245 14.325756
0.411458 14.342245
0.413671 14.356207
0.415884 14.367924
0.418098 14.377649
0.420311 14.385609
0.422524 14.392004
0.424737 14.397003
0.426950 14.400745
0.429163 14.403340
0.431376 14.404866
0.433589 14.405369

0.433589 14.405369
0.435154 14.408640
0.436719 14.418239
0.438284 14.433586
0.439849 14.453885
0.441414 14.478290
0.442978 14.506012
0.444543 14.536368
0.446108 14.568801
0.447673 14.602861
0.449238 14.638189
0.450803 14.674501
0.452368 14.711569
0.453933 14.749207
0.455498 14.787264
0.457062 14.825613
0.458627 14.864149
0.460192 14.902780
0.461757 14.941427
0.463322 14.980021
0.464887 15.018500
0.466452 15.056809
0.468017 15.094896
0.469582 15.132716
0.471147 15.170226
0.472711 15.207385
0.474276 15.244157
0.475841 15.280507
0.477406 15.316402
0.478971 15.351811
0.480536 15.386705
0.482101 15.421056
0.483666 15.454837
0.485231 15.488024
0.486795 15.520594
0.488360 15.552524
0.489925 15.583792
0.491490 15.614380
0.493055 15.644269
0.494620 15.673441
0.496185 15.701881
0.497750 15.729572
0.499314 15.756501
0.500879 15.782656
0.502444 15.808024
0.504009 15.832595
0.505574 15.856359
0.507139 15.879309
0.508704 15.901437
0.510269 15.922737
0.511834 15.943204
0.513398 15.962835
0.514963 15.981627
0.516528 15.999579
0.518093 16.016692
0.519658 16.032966
0.521223 16.048406
0.522788 16.063014
0.524353 16.076798
0.525918 16.089765
0.527482 16.101925
0.529047 16.113287
0.530612 16.123866
0.532177 16.133675
0.533742 16.142732
0.535307 16.151053
0.536872 16.158658
0.538437 16.165569
0.540002 16.171807
0.541566 16.177396
0.543131 16.182359
0.544696 16.186719
0.546261 16.190500
0.547826 16.193724
0.549391 16.196412
0.550956 16.198584
0.552521 16.200255
0.554086 16.201438
0.555651 16.202145
0.557215 16.202379


0.000000 23.504940
0.003275 23.508833
0.006551 23.519475
0.009826 23.532748
0.013102 23.539194
0.016377 23.529008
0.019652 23.502903
0.022928 23.465770
0.026203 23.420577
0.029478 23.368860
0.032754 23.311561
0.036029 23.249403
0.039305 23.183036
0.042580 23.113105
0.045855 23.040292
0.049131 22.965328
0.052406 22.889010
0.055682 22.812202
0.058957 22.735828
0.062232 22.660848
0.065508 22.588229
0.068783 22.518889
0.072058 22.453632
0.075334 22.393074
0.078609 22.337566
0.081885 22.287137
0.085160 22.241454
0.088435 22.199819
0.091711 22.161198
0.094986 22.124289
0.098262 22.087609
0.101537 22.049613
0.104812 22.008817
0.108088 21.963937
0.111363 21.913996
0.114638 21.858416
0.117914 21.797040
0.121189 21.730101
0.124465 21.658154
0.127740 21.581973
0.131015 21.502450
0.134291 21.420510
0.137566 21.337044
0.140841 21.252867
0.144117 21.168689
0.147392 21.085106
0.150668 21.002604
0.153943 20.921560
0.157218 20.842264
0.160494 20.764930
0.163769 20.689721
0.167045 20.616771
0.170320 20.546203
0.173595 20.478162
0.176871 20.412837
0.180146 20.350498
0.183421 20.291540
0.186697 20.236544
0.189972 20.186367
0.193247 20.142280
0.196523 20.106167
0.199798 20.080782
0.203074 20.069971
0.206349 20.078478
0.209624 20.110688
0.212900 20.168206
0.216175 20.248177
0.219451 20.344396
0.222726 20.449935
0.226001 20.558859
0.229277 20.666605
0.232552 20.769748
0.235827 20.865682
0.239103 20.952359
0.242378 21.028138
0.245654 21.091694
0.248929 21.141996
0.252204 21.178313
0.255480 21.200216
0.258755 21.207530

0.258755 21.207530
0.260968 21.200637
0.263181 21.180025
0.265394 21.145894
0.267607 21.098562
0.269821 21.038456
0.272034 20.966090
0.274247 20.882046
0.276460 20.786957
0.278673 20.681494
0.280886 20.566346
0.283099 20.442221
0.285312 20.309837
0.287525 20.169924
0.289738 20.023225
0.291951 19.870512
0.294165 19.712593
0.296378 19.550342
0.298591 19.384726
0.300804 19.216858
0.303017 19.048059
0.305230 18.879963
0.307443 18.714650
0.309656 18.554829
0.311869 18.404050
0.314082 18.266850
0.316296 18.148648
0.318509 18.055014
0.320722 17.990195
0.322935 17.955481
0.325148 17.948701
0.327361 17.965322
0.329574 18.000162
0.331787 18.048590
0.334000 18.106976
0.336213 18.172668
0.338426 18.243813
0.340639 18.319148
0.342853 18.397845
0.345066 18.479384
0.347279 18.563466
0.349492 18.649950
0.351705 18.738805
0.353918 18.830076
0.356131 18.923856
0.358344 19.020261
0.360557 19.119415
0.362770 19.221431
0.364983 19.326399
0.367196 19.434371
0.369410 19.545353
0.371623 19.659297
0.373836 19.776095
0.376049 19.895575
0.378262 20.017503
0.380475 20.141578
0.382688 20.267440
0.384901 20.394670
0.387114 20.522796
0.389327 20.651300
0.391540 20.779623
0.393753 20.907169
0.395967 21.033314
0.398180 21.157407
0.400393 21.278782
0.402606 21.396757
0.404819 21.510639
0.407032 21.619736
0.409245 21.723352
0.411458 21.820804
0.413671 21.911419
0.415884 21.994546
0.418098 22.069567
0.420311 22.135899
0.422524 22.193011
0.424737 22.240430
0.426950 22.277751
0.429163 22.304649
0.431376 22.320885
0.433589 22.326313

0.433589 22.326313
0.435154 22.325154
0.436719 22.321679
0.438284 22.315896
0.439849 22.307822
0.441414 22.297476
0.442978 22.284885
0.444543 22.270080
0.446108 22.253099
0.447673 22.233982
0.449238 22.212776
0.450803 22.189531
0.452368 22.164300
0.453933 22.137141
0.455498 22.108113
0.457062 22.077280
0.458627 22.044705
0.460192 22.010457
0.461757 21.974601
0.463322 21.937209
0.464887 21.898348
0.466452 21.858091
0.468017 21.816506
0.469582 21.773664
0.471147 21.729635
0.472711 21.684489
0.474276 21.638295
0.475841 21.591120
0.477406 21.543031
0.478971 21.494096
0.480536 21.444378
0.482101 21.393943
0.483666 21.342853
0.485231 21.291170
0.486795 21.238957
0.488360 21.186273
0.489925 21.133179
0.491490 21.079733
0.493055 21.025994
0.494620 20.972022
0.496185 20.917874
0.497750 20.863610
0.499314 20.809288
0.500879 20.754967
0.502444 20.700709
0.504009 20.646574
0.505574 20.592626
0.507139 20.538927
0.508704 20.485545
0.510269 20.432546
0.511834 20.380000
0.513398 20.327980
0.514963 20.276560
0.516528 20.225818
0.518093 20.175833
0.519658 20.126689
0.521223 20.078470
0.522788 20.031266
0.524353 19.985168
0.525918 19.940270
0.527482 19.896668
0.529047 19.854461
0.530612 19.813749
0.532177 19.774635
0.533742 19.737220
0.535307 19.701607
0.536872 19.667900
0.538437 19.636199
0.540002 19.606603
0.541566 19.579210
0.543131 19.554110
0.544696 19.531393
0.546261 19.511139
0.547826 19.493424
0.549391 19.478315
0.550956 19.465870
0.552521 19.456138
0.554086 19.449158
0.555651 19.444959
0.557215 19.443558


0.000000 23.504940
0.003275 23.505825
0.006551 23.508482
0.009826 23.512922
0.013102 23.519166
0.016377 23.527239
0.019652 23.537175
0.022928 23.549012
0.026203 23.562795
0.029478 23.578572
0.032754 23.596392
0.036029 23.616305
0.039305 23.638356
0.042580 23.662579
0.045855 23.688992
0.049131 23.717576
0.052406 23.748257
0.055682 23.780858
0.058957 23.815019
0.062232 23.850025
0.065508 23.884443
0.068783 23.915327
0.072058 23.936711
0.075334 23.938683
0.078609 23.913074
0.081885 23.862579
0.085160 23.795774
0.088435 23.719038
0.091711 23.635820
0.094986 23.547938
0.098262 23.456423
0.101537 23.361923
0.104812 23.264892
0.108088 23.165684
0.111363 23.064605
0.114638 22.961942
0.117914 22.857983
0.121189 22.753044
0.124465 22.647486
0.127740 22.541750
0.131015 22.436410
0.134291 22.332260
0.137566 22.230462
0.140841 22.132808
0.144117 22.042118
0.147392 21.962634
0.150668 21.899616
0.153943 21.856725
0.157218 21.832626
0.160494 21.821750
0.163769 21.818163
0.167045 21.817625
0.170320 21.817543
0.173595 21.816403
0.176871 21.813328
0.180146 21.807812
0.183421 21.799568
0.186697 21.788447
0.189972 21.774389
0.193247 21.757399
0.196523 21.737529
0.199798 21.714872
0.203074 21.689556
0.206349 21.661744
0.209624 21.631638
0.212900 21.599478
0.216175 21.565551
0.219451 21.530192
0.222726 21.493799
0.226001 21.456832
0.229277 21.419828
0.232552 21.383405
0.235827 21.348264
0.239103 21.315190
0.242378 21.285034
0.245654 21.258687
0.248929 21.237035
0.252204 21.220887
0.255480 21.210907
0.258755 21.207530

0.258755 21.207530
0.260968 21.211328
0.263181 21.222611
0.265394 21.241057
0.267607 21.266168
0.269821 21.297321
0.272034 21.333817
0.274247 21.374926
0.276460 21.419931
0.278673 21.468145
0.280886 21.518930
0.283099 21.571704
0.285312 21.625942
0.287525 21.681175
0.289738 21.736984
0.291951 21.792997
0.294165 21.848883
0.296378 21.904349
0.298591 21.959133
0.300804 22.013002
0.303017 22.065750
0.305230 22.117192
0.307443 22.167163
0.309656 22.215517
0.311869 22.262125
0.314082 22.306870
0.316296 22.349653
0.318509 22.390384
0.320722 22.428987
0.322935 22.465395
0.325148 22.499554
0.327361 22.531418
0.329574 22.560951
0.331787 22.588127
0.334000 22.612926
0.336213 22.635342
0.338426 22.655371
0.340639 22.673022
0.342853 22.688310
0.345066 22.701259
0.347279 22.711900
0.349492 22.720273
0.351705 22.726425
0.353918 22.730410
0.356131 22.732290
0.358344 22.732137
0.360557 22.730025
0.362770 22.726040
0.364983 22.720273
0.367196 22.712820
0.369410 22.703786
0.371623 22.693280
0.373836 22.681418
0.376049 22.668321
0.378262 22.654113
0.380475 22.638925
0.382688 22.622891
0.384901 22.606145
0.387114 22.588829
0.389327 22.571083
0.391540 22.553048
0.393753 22.534867
0.395967 22.516683
0.398180 22.498637
0.400393 22.480867
0.402606 22.463509
0.404819 22.446696
0.407032 22.430557
0.409245 22.415213
0.411458 22.400781
0.413671 22.387370
0.415884 22.375082
0.418098 22.364011
0.420311 22.354240
0.422524 22.345843
0.424737 22.338884
0.426950 22.333416
0.429163 22.329480
0.431376 22.327107
0.433589 22.326313

0.433589 22.326313
0.435154 22.325154
0.436719 22.321679
0.438284 22.315896
0.439849 22.307822
0.441414 22.297476
0.442978 22.284885
0.444543 22.270080
0.446108 22.253099
0.447673 22.233982
0.449238 22.212776
0.450803 22.189531
0.452368 22.164300
0.453933 22.137141
0.455498 22.108113
0.457062 22.077280
0.458627 22.044705
0.460192 22.010457
0.461757 21.974601
0.463322 21.937209
0.464887 21.898348
0.466452 21.858091
0.468017 21.816506
0.469582 21.773664
0.471147 21.729635
0.472711 21.684489
0.474276 21.638295
0.475841 21.591120
0.477406 21.543031
0.478971 21.494096
0.480536 21.444378
0.482101 21.393943
0.483666 21.342853
0.485231 21.291170
0.486795 21.238957
0.488360 21.186273
0.489925 21.133179
0.491490 21.079733
0.493055 21.025994
0.494620 20.972022
0.496185 20.917874
0.497750 20.863610
0.499314 20.809288
0.500879 20.754967
0.502444 20.700709
0.504009 20.646574
0.505574 20.592626
0.507139 20.538927
0.508704 20.485545
0.510269 20.432546
0.511834 20.380000
0.513398 20.327980
0.514963 20.276560
0.516528 20.225818
0.518093 20.175833
0.519658 20.126689
0.521223 20.078470
0.522788 20.031266
0.524353 19.985168
0.525918 19.940270
0.527482 19.896668
0.529047 19.854461
0.530612 19.813749
0.532177 19.774635
0.533742 19.737220
0.535307 19.701607
0.536872 19.667900
0.538437 19.636199
0.540002 19.606603
0.541566 19.579210
0.543131 19.554110
0.544696 19.531393
0.546261 19.511139
0.547826 19.493424
0.549391 19.478315
0.550956 19.465870
0.552521 19.456138
0.554086 19.449158
0.555651 19.444959
0.557215 19.443558


0.000000 23.671839
0.003275 23.669961
0.006551 23.665309
0.009826 23.661852
0.013102 23.668796
0.016377 23.695585
0.019652 23.740835
0.022928 23.795881
0.026203 23.837284
0.029478 23.871789
0.032754 23.905000
0.036029 23.936534
0.039305 23.965627
0.042580 23.991505
0.045855 24.013442
0.049131 24.030767
0.052406 24.042875
0.055682 24.049230
0.058957 24.049381
0.062232 24.042984
0.065508 24.029832
0.068783 24.009887
0.072058 23.983308
0.075334 23.950470
0.078609 23.911968
0.081885 23.868600
0.085160 23.821349
0.088435 23.771353
0.091711 23.719870
0.094986 23.668243
0.098262 23.617849
0.101537 23.570035
0.104812 23.526035
0.108088 23.486875
0.111363 23.453284
0.114638 23.425621
0.117914 23.403855
0.121189 23.387583
0.124465 23.376095
0.127740 23.368454
0.131015 23.363582
0.134291 23.360328
0.137566 23.357525
0.140841 23.354031
0.144117 23.348763
0.147392 23.340727
0.150668 23.329039
0.153943 23.312951
0.157218 23.291863
0.160494 23.265332
0.163769 23.233067
0.167045 23.194918
0.170320 23.150864
0.173595 23.100999
0.176871 23.045520
0.180146 22.984721
0.183421 22.918981
0.186697 22.848768
0.189972 22.774622
0.193247 22.697157
0.196523 22.617048
0.199798 22.535016
0.203074 22.451823
0.206349 22.368250
0.209624 22.285089
0.212900 22.203131
0.216175 22.123151
0.219451 22.045900
0.222726 21.972097
0.226001 21.902423
0.229277 21.837513
0.232552 21.777954
0.235827 21.724283
0.239103 21.676979
0.242378 21.636461
0.245654 21.603071
0.248929 21.577056
0.252204 21.558533
0.255480 21.547485
0.258755 21.543820

0.258755 21.543820
0.260968 21.544679
0.263181 21.547251
0.265394 21.551530
0.267607 21.557503
0.269821 21.565153
0.272034 21.574458
0.274247 21.585391
0.276460 21.597923
0.278673 21.612017
0.280886 21.627636
0.283099 21.644736
0.285312 21.663271
0.287525 21.683193
0.289738 21.704449
0.291951 21.726986
0.294165 21.750745
0.296378 21.775669
0.298591 21.801697
0.300804 21.828767
0.303017 21.856816
0.305230 21.885781
0.307443 21.915596
0.309656 21.946197
0.311869 21.977518
0.314082 22.009495
0.316296 22.042063
0.318509 22.075157
0.320722 22.108712
0.322935 22.142667
0.325148 22.176957
0.327361 22.211521
0.329574 22.246299
0.331787 22.281231
0.334000 22.316259
0.336213 22.351324
0.338426 22.386372
0.340639 22.421347
0.342853 22.456196
0.345066 22.490867
0.347279 22.525311
0.349492 22.559476
0.351705 22.593316
0.353918 22.626785
0.356131 22.659838
0.358344 22.692430
0.360557 22.724521
0.362770 22.756070
0.364983 22.787037
0.367196 22.817384
0.369410 22.847076
0.371623 22.876078
0.373836 22.904355
0.376049 22.931876
0.378262 22.958609
0.380475 22.984524
0.382688 23.009594
0.384901 23.033792
0.387114 23.057091
0.389327 23.079467
0.391540 23.100897
0.393753 23.121358
0.395967 23.140830
0.398180 23.159293
0.400393 23.176728
0.402606 23.193119
0.404819 23.208449
0.407032 23.222703
0.409245 23.235867
0.411458 23.247929
0.413671 23.258877
0.415884 23.268700
0.418098 23.277389
0.420311 23.284937
0.422524 23.291335
0.424737 23.296578
0.426950 23.300661
0.429163 23.303581
0.431376 23.305333
0.433589 23.305918

0.433589 23.305918
0.435154 23.306030
0.436719 23.306367
0.438284 23.306927
0.439849 23.307711
0.441414 23.308715
0.442978 23.309937
0.444543 23.311376
0.446108 23.313028
0.447673 23.314889
0.449238 23.316956
0.450803 23.319224
0.452368 23.321688
0.453933 23.324343
0.455498 23.327185
0.457062 23.330206
0.458627 23.333401
0.460192 23.336763
0.461757 23.340286
0.463322 23.343962
0.464887 23.347784
0.466452 23.351745
0.468017 23.355837
0.469582 23.360052
0.471147 23.364382
0.472711 23.368819
0.474276 23.373355
0.475841 23.377981
0.477406 23.382689
0.478971 23.387471
0.480536 23.392318
0.482101 23.397221
0.483666 23.402172
0.485231 23.407163
0.486795 23.412185
0.488360 23.417229
0.489925 23.422288
0.491490 23.427353
0.493055 23.432416
0.494620 23.437470
0.496185 23.442505
0.497750 23.447515
0.499314 23.452491
0.500879 23.457427
0.502444 23.462314
0.504009 23.467146
0.505574 23.471916
0.507139 23.476617
0.508704 23.481243
0.510269 23.485786
0.511834 23.490240
0.513398 23.494601
0.514963 23.498861
0.516528 23.503014
0.518093 23.507057
0.519658 23.510983
0.521223 23.514787
0.522788 23.518464
0.524353 23.522010
0.525918 23.525421
0.527482 23.528692
0.529047 23.531819
0.530612 23.534798
0.532177 23.537626
0.533742 23.540299
0.535307 23.542815
0.536872 23.545170
0.538437 23.547361
0.540002 23.549387
0.541566 23.551244
0.543131 23.552931
0.544696 23.554445
0.546261 23.555785
0.547826 23.556950
0.549391 23.557937
0.550956 23.558747
0.552521 23.559377
0.554086 23.559828
0.555651 23.560099
0.557215 23.560189


0.000000 23.671839
0.003275 23.675099
0.006551 23.684744
0.009826 23.700380
0.013102 23.721401
0.016377 23.747066
0.019652 23.776766
0.022928 23.812898
0.026203 23.874513
0.029478 23.951928
0.032754 24.037232
0.036029 24.128788
0.039305 24.225468
0.042580 24.326166
0.045855 24.429584
0.049131 24.533833
0.052406 24.635259
0.055682 24.724586
0.058957 24.780971
0.062232 24.795134
0.065508 24.787077
0.068783 24.770902
0.072058 24.751675
0.075334 24.731306
0.078609 24.710605
0.081885 24.689930
0.085160 24.669417
0.088435 24.649099
0.091711 24.628965
0.094986 24.608996
0.098262 24.589183
0.101537 24.569545
0.104812 24.550128
0.108088 24.531010
0.111363 24.512300
0.114638 24.494138
0.117914 24.476698
0.121189 24.460185
0.124465 24.444839
0.127740 24.430931
0.131015 24.418770
0.134291 24.408690
0.137566 24.401049
0.140841 24.396216
0.144117 24.394547
0.147392 24.396366
0.150668 24.401937
0.153943 24.411438
0.157218 24.424945
0.160494 24.442426
0.163769 24.463743
0.167045 24.488670
0.170320 24.516905
0.173595 24.548098
0.176871 24.581867
0.180146 24.617807
0.183421 24.655506
0.186697 24.694545
0.189972 24.734502
0.193247 24.774954
0.196523 24.815470
0.199798 24.855619
0.203074 24.894963
0.206349 24.933070
0.209624 24.969512
0.212900 25.003885
0.216175 25.035822
0.219451 25.065014
0.222726 25.091228
0.226001 25.114333
0.229277 25.134302
0.232552 25.151216
0.235827 25.165249
0.239103 25.176642
0.242378 25.185669
0.245654 25.192610
0.248929 25.197721
0.252204 25.201215
0.255480 25.203250
0.258755 25.203918

0.258755 25.203918
0.260968 25.203339
0.263181 25.201600
0.265394 25.198704
0.267607 25.194653
0.269821 25.189448
0.272034 25.183094
0.274247 25.175595
0.276460 25.166957
0.278673 25.157185
0.280886 25.146286
0.283099 25.134268
0.285312 25.121140
0.287525 25.106911
0.289738 25.091591
0.291951 25.075192
0.294165 25.057726
0.296378 25.039206
0.298591 25.019646
0.300804 24.999061
0.303017 24.977468
0.305230 24.954884
0.307443 24.931327
0.309656 24.906817
0.311869 24.881373
0.314082 24.855018
0.316296 24.827776
0.318509 24.799669
0.320722 24.770725
0.322935 24.740969
0.325148 24.710430
0.327361 24.679137
0.329574 24.647123
0.331787 24.614420
0.334000 24.581062
0.336213 24.547085
0.338426 24.512527
0.340639 24.477427
0.342853 24.441827
0.345066 24.405769
0.347279 24.369300
0.349492 24.332464
0.351705 24.295312
0.353918 24.257894
0.356131 24.220263
0.358344 24.182475
0.360557 24.144585
0.362770 24.106655
0.364983 24.068745
0.367196 24.030919
0.369410 23.993243
0.371623 23.955785
0.373836 23.918614
0.376049 23.881803
0.378262 23.845427
0.380475 23.809559
0.382688 23.774279
0.384901 23.739666
0.387114 23.705799
0.389327 23.672761
0.391540 23.640633
0.393753 23.609500
0.395967 23.579444
0.398180 23.550548
0.400393 23.522896
0.402606 23.496569
0.404819 23.471647
0.407032 23.448208
0.409245 23.426328
0.411458 23.406079
0.413671 23.387531
0.415884 23.370749
0.418098 23.355790
0.420311 23.342711
0.422524 23.331559
0.424737 23.322376
0.426950 23.315196
0.429163 23.310048
0.431376 23.306951
0.433589 23.305918

0.433589 23.305918
0.435154 23.306030
0.436719 23.306367
0.438284 23.306927
0.439849 23.307711
0.441414 23.308715
0.442978 23.309937
0.444543 23.311376
0.446108 23.313028
0.447673 23.314889
0.449238 23.316956
0.450803 23.319224
0.452368 23.321688
0.453933 23.324343
0.455498 23.327185
0.457062 23.330206
0.458627 23.333401
0.460192 23.336763
0.461757 23.340286
0.463322 23.343962
0.464887 23.347784
0.466452 23.351745
0.468017 23.355837
0.469582 23.360052
0.471147 23.364382
0.472711 23.368819
0.474276 23.373355
0.475841 23.377981
0.477406 23.382689
0.478971 23.387471
0.480536 23.392318
0.482101 23.397221
0.483666 23.402172
0.485231 23.407163
0.486795 23.412185
0.488360 23.417229
0.489925 23.422288
0.491490 23.427353
0.493055 23.432416
0.494620 23.437470
0.496185 23.442505
0.497750 23.447515
0.499314 23.452491
0.500879 23.457427
0.502444 23.462314
0.504009 23.467146
0.505574 23.471916
0.507139 23.476617
0.508704 23.481243
0.510269 23.485786
0.511834 23.490240
0.513398 23.494601
0.514963 23.498861
0.516528 23.503014
0.518093 23.507057
0.519658 23.510983
0.521223 23.514787
0.522788 23.518464
0.524353 23.522010
0.525918 23.525421
0.527482 23.528692
0.529047 23.531819
0.530612 23.534798
0.532177 23.537626
0.533742 23.540299
0.535307 23.542815
0.536872 23.545170
0.538437 23.547361
0.540002 23.549387
0.541566 23.551244
0.543131 23.552931
0.544696 23.554445
0.546261 23.555785
0.547826 23.556950
0.549391 23.557937
0.550956 23.558747
0.552521 23.559377
0.554086 23.559828
0.555651 23.560099
0.557215 23.560189


0.000000 25.075482
0.003275 25.075143
0.006551 25.074107
0.009826 25.072313
0.013102 25.069666
0.016377 25.066045
0.019652 25.061313
0.022928 25.055329
0.026203 25.047963
0.029478 25.039111
0.032754 25.028712
0.036029 25.016775
0.039305 25.003415
0.042580 24.988917
0.045855 24.973886
0.049131 24.959619
0.052406 24.949264
0.055682 24.951673
0.058957 24.987321
0.062232 25.065151
0.065508 25.164821
0.068783 25.271854
0.072058 25.380736
0.075334 25.489026
0.078609 25.595293
0.081885 25.698489
0.085160 25.797737
0.088435 25.892255
0.091711 25.981317
0.094986 26.064251
0.098262 26.140438
0.101537 26.209316
0.104812 26.270395
0.108088 26.323263
0.111363 26.367603
0.114638 26.403197
0.117914 26.429935
0.121189 26.447820
0.124465 26.456967
0.127740 26.457602
0.131015 26.450053
0.134291 26.434743
0.137566 26.412181
0.140841 26.382951
0.144117 26.347700
0.147392 26.307124
0.150668 26.261963
0.153943 26.212984
0.157218 26.160970
0.160494 26.106709
0.163769 26.050981
0.167045 25.994543
0.170320 25.938115
0.173595 25.882363
0.176871 25.827890
0.180146 25.775222
0.183421 25.724797
0.186697 25.676960
0.189972 25.631964
0.193247 25.589965
0.196523 25.551034
0.199798 25.515160
0.203074 25.482259
0.206349 25.452186
0.209624 25.424744
0.212900 25.399697
0.216175 25.376778
0.219451 25.355711
0.222726 25.336218
0.226001 25.318050
0.229277 25.301007
0.232552 25.284967
0.235827 25.269911
0.239103 25.255935
0.242378 25.243247
0.245654 25.232148
0.248929 25.222994
0.252204 25.216140
0.255480 25.211889
0.258755 25.210446

0.258755 25.210446
0.260968 25.210818
0.263181 25.211886
0.265394 25.213517
0.267607 25.215511
0.269821 25.217627
0.272034 25.219618
0.274247 25.221265
0.276460 25.222400
0.278673 25.222927
0.280886 25.222836
0.283099 25.222197
0.285312 25.221153
0.287525 25.219912
0.289738 25.218722
0.291951 25.217863
0.294165 25.217626
0.296378 25.218300
0.298591 25.220165
0.300804 25.223479
0.303017 25.228479
0.305230 25.235369
0.307443 25.244328
0.309656 25.255501
0.311869 25.269005
0.314082 25.284930
0.316296 25.303335
0.318509 25.324257
0.320722 25.347708
0.322935 25.373683
0.325148 25.402154
0.327361 25.433081
0.329574 25.466407
0.331787 25.502066
0.334000 25.539980
0.336213 25.580067
0.338426 25.622237
0.340639 25.666397
0.342853 25.712450
0.345066 25.760302
0.347279 25.809855
0.349492 25.861015
0.351705 25.913690
0.353918 25.967789
0.356131 26.023224
0.358344 26.079913
0.360557 26.137773
0.362770 26.196727
0.364983 26.256698
0.367196 26.317613
0.369410 26.379399
0.371623 26.441983
0.373836 26.505291
0.376049 26.569248
0.378262 26.633775
0.380475 26.698787
0.382688 26.764194
0.384901 26.829896
0.387114 26.895784
0.389327 26.961734
0.391540 27.027608
0.393753 27.093251
0.395967 27.158486
0.398180 27.223112
0.400393 27.286902
0.402606 27.349599
0.404819 27.410911
0.407032 27.470512
0.409245 27.528035
0.411458 27.583075
0.413671 27.635185
0.415884 27.683882
0.418098 27.728653
0.420311 27.768959
0.422524 27.804260
0.424737 27.834025
0.426950 27.857764
0.429163 27.875055
0.431376 27.885568
0.433589 27.889097

0.433589 27.889097
0.435154 27.888319
0.436719 27.885990
0.438284 27.882128
0.439849 27.876756
0.441414 27.869911
0.442978 27.861636
0.444543 27.851981
0.446108 27.841004
0.447673 27.828765
0.449238 27.815330
0.450803 27.800765
0.452368 27.785138
0.453933 27.768520
0.455498 27.750977
0.457062 27.732577
0.458627 27.713385
0.460192 27.693466
0.461757 27.672882
0.463322 27.651690
0.464887 27.629950
0.466452 27.607715
0.468017 27.585039
0.469582 27.561973
0.471147 27.538564
0.472711 27.514860
0.474276 27.490906
0.475841 27.466746
0.477406 27.442422
0.478971 27.417975
0.480536 27.393445
0.482101 27.368871
0.483666 27.344290
0.485231 27.319739
0.486795 27.295255
0.488360 27.270871
0.489925 27.246622
0.491490 27.222541
0.493055 27.198660
0.494620 27.175012
0.496185 27.151626
0.497750 27.128532
0.499314 27.105759
0.500879 27.083335
0.502444 27.061286
0.504009 27.039637
0.505574 27.018415
0.507139 26.997640
0.508704 26.977337
0.510269 26.957526
0.511834 26.938228
0.513398 26.919460
0.514963 26.901240
0.516528 26.883586
0.518093 26.866511
0.519658 26.850030
0.521223 26.834156
0.522788 26.818901
0.524353 26.804274
0.525918 26.790286
0.527482 26.776945
0.529047 26.764259
0.530612 26.752234
0.532177 26.740876
0.533742 26.730191
0.535307 26.720182
0.536872 26.710853
0.538437 26.702207
0.540002 26.694247
0.541566 26.686975
0.543131 26.680392
0.544696 26.674500
0.546261 26.669300
0.547826 26.664792
0.549391 26.660977
0.550956 26.657855
0.552521 26.655426
0.554086 26.653692
0.555651 26.652651
0.557215 26.652304


0.000000 25.075482
0.003275 25.073619
0.006551 25.068032
0.009826 25.058728
0.013102 25.045721
0.016377 25.029027
0.019652 25.008671
0.022928 24.984681
0.026203 24.957094
0.029478 24.925954
0.032754 24.891314
0.036029 24.853238
0.039305 24.811806
0.042580 24.767117
0.045855 24.719296
0.049131 24.668511
0.052406 24.614994
0.055682 24.559084
0.058957 24.501305
0.062232 24.442541
0.065508 24.384390
0.068783 24.329959
0.072058 24.285371
0.075334 24.260681
0.078609 24.264190
0.081885 24.293314
0.085160 24.339568
0.088435 24.396635
0.091711 24.461102
0.094986 24.531153
0.098262 24.605724
0.101537 24.684107
0.104812 24.765751
0.108088 24.850180
0.111363 24.936950
0.114638 25.025620
0.117914 25.115751
0.121189 25.206901
0.124465 25.298625
0.127740 25.390481
0.131015 25.482033
0.134291 25.572856
0.137566 25.662544
0.140841 25.750709
0.144117 25.836990
0.147392 25.921052
0.150668 26.002593
0.153943 26.081341
0.157218 26.157059
0.160494 26.229543
0.163769 26.298625
0.167045 26.364170
0.170320 26.426078
0.173595 26.484280
0.176871 26.538741
0.180146 26.589454
0.183421 26.636444
0.186697 26.679759
0.189972 26.719476
0.193247 26.755693
0.196523 26.788530
0.199798 26.818124
0.203074 26.844629
0.206349 26.868215
0.209624 26.889058
0.212900 26.907347
0.216175 26.923274
0.219451 26.937032
0.222726 26.948819
0.226001 26.958824
0.229277 26.967234
0.232552 26.974227
0.235827 26.979969
0.239103 26.984613
0.242378 26.988297
0.245654 26.991141
0.248929 26.993246
0.252204 26.994692
0.255480 26.995535
0.258755 26.995813

0.258755 26.995813
0.260968 26.996890
0.263181 27.000118
0.265394 27.005483
0.267607 27.012961
0.269821 27.022522
0.272034 27.034123
0.274247 27.047715
0.276460 27.063240
0.278673 27.080629
0.280886 27.099809
0.283099 27.120695
0.285312 27.143196
0.287525 27.167214
0.289738 27.192643
0.291951 27.219370
0.294165 27.247279
0.296378 27.276244
0.298591 27.306140
0.300804 27.336832
0.303017 27.368186
0.305230 27.400064
0.307443 27.432327
0.309656 27.464833
0.311869 27.497442
0.314082 27.530014
0.316296 27.562411
0.318509 27.594498
0.320722 27.626143
0.322935 27.657217
0.325148 27.687598
0.327361 27.717168
0.329574 27.745817
0.331787 27.773440
0.334000 27.799942
0.336213 27.825233
0.338426 27.849236
0.340639 27.871878
0.342853 27.893100
0.345066 27.912849
0.347279 27.931084
0.349492 27.947772
0.351705 27.962891
0.353918 27.976430
0.356131 27.988386
0.358344 27.998766
0.360557 28.007588
0.362770 28.014878
0.364983 28.020671
0.367196 28.025010
0.369410 28.027948
0.371623 28.029545
0.373836 28.029867
0.376049 28.028989
0.378262 28.026989
0.380475 28.023953
0.382688 28.019972
0.384901 28.015140
0.387114 28.009553
0.389327 28.003314
0.391540 27.996523
0.393753 27.989285
0.395967 27.981705
0.398180 27.973886
0.400393 27.965930
0.402606 27.957941
0.404819 27.950015
0.407032 27.942248
0.409245 27.934733
0.411458 27.927556
0.413671 27.920799
0.415884 27.914538
0.418098 27.908843
0.420311 27.903776
0.422524 27.899392
0.424737 27.895739
0.426950 27.892856
0.429163 27.890775
0.431376 27.889517
0.433589 27.889097

0.433589 27.889097
0.435154 27.888319
0.436719 27.885990
0.438284 27.882128
0.439849 27.876756
0.441414 27.869911
0.442978 27.861636
0.444543 27.851981
0.446108 27.841004
0.447673 27.828765
0.449238 27.815330
0.450803 27.800765
0.452368 27.785138
0.453933 27.768520
0.455498 27.750977
0.457062 27.732577
0.458627 27.713385
0.460192 27.693466
0.461757 27.672882
0.463322 27.651690
0.464887 27.629950
0.466452 27.607715
0.468017 27.585039
0.469582 27.561973
0.471147 27.538564
0.472711 27.514860
0.474276 27.490906
0.475841 27.466746
0.477406 27.442422
0.478971 27.417975
0.480536 27.393445
0.482101 27.368871
0.483666 27.344290
0.485231 27.319739
0.486795 27.295255
0.488360 27.270871
0.489925 27.246622
0.491490 27.222541
0.493055 27.198660
0.494620 27.175012
0.496185 27.151626
0.497750 27.128532
0.499314 27.105759
0.500879 27.083335
0.502444 27.061286
0.504009 27.039637
0.505574 27.018415
0.507139 26.997640
0.508704 26.977337
0.510269 26.957526
0.511834 26.938228
0.513398 26.919460
0.514963 26.901240
0.516528 26.883586
0.518093 26.866511
0.519658 26.850030
0.521223 26.834156
0.522788 26.818901
0.524353 26.804274
0.525918 26.790286
0.527482 26.776945
0.529047 26.764259
0.530612 26.752234
0.532177 26.740876
0.533742 26.730191
0.535307 26.720182
0.536872 26.710853
0.538437 26.702207
0.540002 26.694247
0.541566 26.686975
0.543131 26.680392
0.544696 26.674500
0.546261 26.669300
0.547826 26.664792
0.549391 26.660977
0.550956 26.657855
0.552521 26.655426
0.554086 26.653692
0.555651 26.652651
0.557215 26.652304


0.000000 30.387056
0.003275 30.386763
0.006551 30.385953
0.009826 30.384790
0.013102 30.383482
0.016377 30.382258
0.019652 30.381356
0.022928 30.381021
0.026203 30.381500
0.029478 30.383041
0.032754 30.385881
0.036029 30.390252
0.039305 30.396365
0.042580 30.404414
0.045855 30.414571
0.049131 30.426979
0.052406 30.441754
0.055682 30.458981
0.058957 30.478719
0.062232 30.500998
0.065508 30.525823
0.068783 30.553181
0.072058 30.583038
0.075334 30.615351
0.078609 30.650069
0.081885 30.687137
0.085160 30.726500
0.088435 30.768103
0.091711 30.811893
0.094986 30.857817
0.098262 30.905821
0.101537 30.955838
0.104812 31.007791
0.108088 31.061581
0.111363 31.117080
0.114638 31.174125
0.117914 31.232515
0.121189 31.292003
0.124465 31.352301
0.127740 31.413075
0.131015 31.473953
0.134291 31.534529
0.137566 31.594371
0.140841 31.653028
0.144117 31.710043
0.147392 31.764956
0.150668 31.817319
0.153943 31.866699
0.157218 31.912686
0.160494 31.954905
0.163769 31.993012
0.167045 32.026708
0.170320 32.055736
0.173595 32.079887
0.176871 32.099003
0.180146 32.112981
0.183421 32.121771
0.186697 32.125379
0.189972 32.123872
0.193247 32.117374
0.196523 32.106070
0.199798 32.090207
0.203074 32.070095
0.206349 32.046104
0.209624 32.018666
0.212900 31.988275
0.216175 31.955482
0.219451 31.920894
0.222726 31.885166
0.226001 31.848999
0.229277 31.813124
0.232552 31.778295
0.235827 31.745272
0.239103 31.714804
0.242378 31.687605
0.245654 31.664336
0.248929 31.645581
0.252204 31.631820
0.255480 31.623414
0.258755 31.620587

0.258755 31.620587
0.260968 31.623892
0.263181 31.633758
0.265394 31.650034
0.267607 31.672476
0.269821 31.700755
0.272034 31.734467
0.274247 31.773144
0.276460 31.816269
0.278673 31.863289
0.280886 31.913627
0.283099 31.966693
0.285312 32.021894
0.287525 32.078644
0.289738 32.136369
0.291951 32.194515
0.294165 32.252549
0.296378 32.309965
0.298591 32.366286
0.300804 32.421062
0.303017 32.473877
0.305230 32.524343
0.307443 32.572103
0.309656 32.616829
0.311869 32.658225
0.314082 32.696020
0.316296 32.729976
0.318509 32.759876
0.320722 32.785535
0.322935 32.806790
0.325148 32.823502
0.327361 32.835559
0.329574 32.842868
0.331787 32.845362
0.334000 32.842992
0.336213 32.835733
0.338426 32.823578
0.340639 32.806541
0.342853 32.784652
0.345066 32.757964
0.347279 32.726545
0.349492 32.690480
0.351705 32.649873
0.353918 32.604842
0.356131 32.555523
0.358344 32.502068
0.360557 32.444641
0.362770 32.383426
0.364983 32.318616
0.367196 32.250424
0.369410 32.179073
0.371623 32.104802
0.373836 32.027865
0.376049 31.948528
0.378262 31.867073
0.380475 31.783793
0.382688 31.699000
0.384901 31.613017
0.387114 31.526183
0.389327 31.438852
0.391540 31.351394
0.393753 31.264195
0.395967 31.177656
0.398180 31.092195
0.400393 31.008247
0.402606 30.926263
0.404819 30.846707
0.407032 30.770062
0.409245 30.696821
0.411458 30.627492
0.413671 30.562587
0.415884 30.502627
0.418098 30.448129
0.420311 30.399602
0.422524 30.357538
0.424737 30.322394
0.426950 30.294582
0.429163 30.274449
0.431376 30.262259
0.433589 30.258177

0.433589 30.258177
0.435154 30.259717
0.436719 30.264329
0.438284 30.271989
0.439849 30.282660
0.441414 30.296289
0.442978 30.312810
0.444543 30.332148
0.446108 30.354214
0.447673 30.378913
0.449238 30.406143
0.450803 30.435795
0.452368 30.467756
0.453933 30.501911
0.455498 30.538143
0.457062 30.576334
0.458627 30.616364
0.460192 30.658118
0.461757 30.701477
0.463322 30.746329
0.464887 30.792558
0.466452 30.840056
0.468017 30.888712
0.469582 30.938422
0.471147 30.989081
0.472711 31.040589
0.474276 31.092846
0.475841 31.145756
0.477406 31.199226
0.478971 31.253163
0.480536 31.307479
0.482101 31.362087
0.483666 31.416901
0.485231 31.471840
0.486795 31.526820
0.488360 31.581765
0.489925 31.636597
0.491490 31.691241
0.493055 31.745623
0.494620 31.799673
0.496185 31.853319
0.497750 31.906495
0.499314 31.959133
0.500879 32.011169
0.502444 32.062539
0.504009 32.113182
0.505574 32.163039
0.507139 32.212049
0.508704 32.260157
0.510269 32.307308
0.511834 32.353447
0.513398 32.398523
0.514963 32.442485
0.516528 32.485284
0.518093 32.526872
0.519658 32.567205
0.521223 32.606237
0.522788 32.643927
0.524353 32.680234
0.525918 32.715118
0.527482 32.748543
0.529047 32.780472
0.530612 32.810870
0.532177 32.839707
0.533742 32.866952
0.535307 32.892575
0.536872 32.916549
0.538437 32.938850
0.540002 32.959453
0.541566 32.978338
0.543131 32.995484
0.544696 33.010874
0.546261 33.024491
0.547826 33.036322
0.549391 33.046353
0.550956 33.054575
0.552521 33.060978
0.554086 33.065557
0.555651 33.068306
0.557215 33.069223


0.000000 30.387056
0.003275 30.386602
0.006551 30.385190
0.009826 30.382706
0.013102 30.379030
0.016377 30.374049
0.019652 30.367670
0.022928 30.359817
0.026203 30.350431
0.029478 30.339469
0.032754 30.326903
0.036029 30.312721
0.039305 30.296919
0.042580 30.279510
0.045855 30.260513
0.049131 30.239959
0.052406 30.217884
0.055682 30.194333
0.058957 30.169355
0.062232 30.143003
0.065508 30.115333
0.068783 30.086402
0.072058 30.056267
0.075334 30.024981
0.078609 29.992597
0.081885 29.959158
0.085160 29.924701
0.088435 29.889252
0.091711 29.852823
0.094986 29.815410
0.098262 29.776991
0.101537 29.737524
0.104812 29.696942
0.108088 29.655157
0.111363 29.612058
0.114638 29.567514
0.117914 29.521378
0.121189 29.473487
0.124465 29.423676
0.127740 29.371777
0.131015 29.317634
0.134291 29.261101
0.137566 29.202058
0.140841 29.140410
0.144117 29.076094
0.147392 29.009086
0.150668 28.939396
0.153943 28.867076
0.157218 28.792217
0.160494 28.714949
0.163769 28.635443
0.167045 28.553905
0.170320 28.470581
0.173595 28.385750
0.176871 28.299729
0.180146 28.212867
0.183421 28.125550
0.186697 28.038195
0.189972 27.951254
0.193247 27.865214
0.196523 27.780590
0.199798 27.697930
0.203074 27.617805
0.206349 27.540808
0.209624 27.467535
0.212900 27.398575
0.216175 27.334486
0.219451 27.275767
0.222726 27.222827
0.226001 27.175948
0.229277 27.135258
0.232552 27.100713
0.235827 27.072085
0.239103 27.048985
0.242378 27.030898
0.245654 27.017231
0.248929 27.007380
0.252204 27.000795
0.255480 26.997034
0.258755 26.995813

0.258755 26.995813
0.260968 26.998382
0.263181 27.006121
0.265394 27.019112
0.267607 27.037480
0.269821 27.061369
0.272034 27.090916
0.274247 27.126231
0.276460 27.167369
0.278673 27.214321
0.280886 27.267001
0.283099 27.325250
0.285312 27.388839
0.287525 27.457482
0.289738 27.530848
0.291951 27.608574
0.294165 27.690274
0.296378 27.775556
0.298591 27.864025
0.300804 27.955288
0.303017 28.048961
0.305230 28.144672
0.307443 28.242057
0.309656 28.340767
0.311869 28.440462
0.314082 28.540814
0.316296 28.641504
0.318509 28.742224
0.320722 28.842674
0.322935 28.942560
0.325148 29.041599
0.327361 29.139513
0.329574 29.236032
0.331787 29.330892
0.334000 29.423838
0.336213 29.514623
0.338426 29.603006
0.340639 29.688757
0.342853 29.771654
0.345066 29.851486
0.347279 29.928053
0.349492 30.001167
0.351705 30.070652
0.353918 30.136345
0.356131 30.198100
0.358344 30.255782
0.360557 30.309276
0.362770 30.358482
0.364983 30.403318
0.367196 30.443720
0.369410 30.479643
0.371623 30.511064
0.373836 30.537979
0.376049 30.560407
0.378262 30.578387
0.380475 30.591985
0.382688 30.601288
0.384901 30.606411
0.387114 30.607493
0.389327 30.604701
0.391540 30.598232
0.393753 30.588310
0.395967 30.575192
0.398180 30.559167
0.400393 30.540557
0.402606 30.519719
0.404819 30.497044
0.407032 30.472960
0.409245 30.447928
0.411458 30.422441
0.413671 30.397021
0.415884 30.372211
0.418098 30.348566
0.420311 30.326644
0.422524 30.306986
0.424737 30.290100
0.426950 30.276443
0.429163 30.266396
0.431376 30.260247
0.433589 30.258177

0.433589 30.258177
0.435154 30.259717
0.436719 30.264329
0.438284 30.271989
0.439849 30.282660
0.441414 30.296289
0.442978 30.312810
0.444543 30.332148
0.446108 30.354214
0.447673 30.378913
0.449238 30.406143
0.450803 30.435795
0.452368 30.467756
0.453933 30.501911
0.455498 30.538143
0.457062 30.576334
0.458627 30.616364
0.460192 30.658118
0.461757 30.701477
0.463322 30.746329
0.464887 30.792558
0.466452 30.840056
0.468017 30.888712
0.469582 30.938422
0.471147 30.989081
0.472711 31.040589
0.474276 31.092846
0.475841 31.145756
0.477406 31.199226
0.478971 31.253163
0.480536 31.307479
0.482101 31.362087
0.483666 31.416901
0.485231 31.471840
0.486795 31.526820
0.488360 31.581765
0.489925 31.636597
0.491490 31.691241
0.493055 31.745623
0.494620 31.799673
0.496185 31.853319
0.497750 31.906495
0.499314 31.959133
0.500879 32.011169
0.502444 32.062539
0.504009 32.113182
0.505574 32.163039
0.507139 32.212049
0.508704 32.260157
0.510269 32.307308
0.511834 32.353447
0.513398 32.398523
0.514963 32.442485
0.516528 32.485284
0.518093 32.526872
0.519658 32.567205
0.521223 32.606237
0.522788 32.643927
0.524353 32.680234
0.525918 32.715118
0.527482 32.748543
0.529047 32.780472
0.530612 32.810870
0.532177 32.839707
0.533742 32.866952
0.535307 32.892575
0.536872 32.916549
0.538437 32.938850
0.540002 32.959453
0.541566 32.978338
0.543131 32.995484
0.544696 33.010874
0.546261 33.024491
0.547826 33.036322
0.549391 33.046353
0.550956 33.054575
0.552521 33.060978
0.554086 33.065557
0.555651 33.068306
0.557215 33.069223


